0,9.7667e-06,0
-0,0.14287,0
-0,0.28572,0
-0,0.42858,0
-0,0.57143,0
0,0.71429,0
-0,0.85714,0
0,1,0
-0.017801,1,0
-0.24286,0.97403,0
-0.44953,0.90008,0
-0.63191,0.78407,0
-0.78407,0.63191,0
-0.90008,0.44953,0
-0.97403,0.24286,0
-1,0.0178,0
-1,0,0
-0.85714,1.4e-06,0
-0.71429,2.8e-06,0
-0.57143,4.2e-06,0
-0.42857,5.6e-06,0
-0.28571,7e-06,0
-0.14286,8.3667e-06,0
0,9.7667e-06,0
0.084548,1.06e-05,0
0.06414,1.04e-05,0
-0.043732,9.3333e-06,0
-0.22157,7.6e-06,0
-0.4519,5.3667e-06,0
-0.7172,2.7667e-06,0
-1,0,0
-1,-0.017801,0
-0.97403,-0.24286,0
-0.90008,-0.44953,0
-0.78407,-0.63191,0
-0.63191,-0.78407,0
-0.44953,-0.90008,0
-0.24286,-0.97403,0
-0.0178,-1,0
0,-1,0
-0,-0.85714,0
-0,-0.71428,0
-0,-0.57142,0
-0,-0.42857,0
0,-0.28571,0
-0,-0.14285,0
0,9.7667e-06,0
0,0.084559,0
0,0.06415,0
0,-0.043722,0
0,-0.22157,0
0,-0.45189,0
0,-0.7172,0
0,-1,0
0.017801,-1,0
0.24286,-0.97403,0
0.44953,-0.90008,0
0.63191,-0.78407,0
0.78407,-0.63191,0
0.90008,-0.44953,0
0.97403,-0.24286,0
1,-0.0178,0
1,-1.9567e-05,0
0.85714,-1.54e-05,0
0.71429,-1.12e-05,0
0.57143,-7e-06,0
0.42857,-2.8e-06,0
0.28571,1.4e-06,0
0.14286,5.5667e-06,0
0,9.7667e-06,0
-0.084548,1.34e-05,0
-0.06414,1.6e-05,0
0.043732,1.7733e-05,0
0.22157,1.88e-05,0
0.4519,1.9333e-05,0
0.7172,1.9533e-05,0
1,1.9567e-05,0
1,0.017801,0
0.97403,0.24286,0
0.90008,0.44953,0
0.78407,0.63191,0
0.63191,0.78407,0
0.44953,0.90008,0
0.24286,0.97403,0
0.017801,1,0
0.0078802,1,0
