Sequense 1 2 3 4 5 6 7 8 9 10
Struct {
frontSurface Struct {
XYZ double 3 64 0.00000 0.99568 1.98146 2.94755 3.88435 4.78254 5.63320 6.42788 7.15867 7.81831 8.40026 8.89872 9.30874 9.62624 9.84808 9.97204 9.99689 9.92239 9.74928 9.47927 9.11506 8.66025 8.11938 7.49781 6.80173 6.03804 5.21435 4.33884 3.42020 2.46757 1.49042 0.49846 -0.49846 -1.49042 -2.46757 -3.42020 -4.33884 -5.21435 -6.03804 -6.80173 -7.49781 -8.11938 -8.66025 -9.11506 -9.47927 -9.74928 -9.92239 -9.99689 -9.97204 -9.84808 -9.62624 -9.30874 -8.89872 -8.40026 -7.81831 -7.15867 -6.42788 -5.63320 -4.78254 -3.88435 -2.94755 -1.98146 -0.99568 -0.00000 10.00000 9.95031 9.80172 9.55573 9.21476 8.78222 8.26239 7.66044 6.98237 6.23490 5.42546 4.56211 3.65341 2.70840 1.73648 0.74730 -0.24931 -1.24344 -2.22521 -3.18487 -4.11287 -5.00000 -5.83744 -6.61686 -7.33052 -7.97133 -8.53291 -9.00969 -9.39693 -9.69077 -9.88831 -9.98757 -9.98757 -9.88831 -9.69077 -9.39693 -9.00969 -8.53291 -7.97133 -7.33052 -6.61686 -5.83744 -5.00000 -4.11287 -3.18487 -2.22521 -1.24344 -0.24931 0.74730 1.73648 2.70840 3.65341 4.56211 5.42546 6.23490 6.98237 7.66044 8.26239 8.78222 9.21476 9.55573 9.80172 9.95031 10.00000 0.00000 0.00000 0.00000 0.00000 0.00000 0.00000 0.00000 0.00000 0.00000 0.00000 0.00000 0.00000 0.00000 0.00000 0.00000 0.00000 0.00000 0.00000 0.00000 0.00000 0.00000 0.00000 0.00000 0.00000 0.00000 0.00000 0.00000 0.00000 0.00000 0.00000 0.00000 0.00000 0.00000 0.00000 0.00000 0.00000 0.00000 0.00000 0.00000 0.00000 0.00000 0.00000 0.00000 0.00000 0.00000 0.00000 0.00000 0.00000 0.00000 0.00000 0.00000 0.00000 0.00000 0.00000 0.00000 0.00000 0.00000 0.00000 0.00000 0.00000 0.00000 0.00000 0.00000 0.00000
ABCD double 1 4 0.00000 0.00000 1.00000 0.00000
angles double 1 3 0.00000 0.00000 0.00000
position double 1 3 0.00000 0.00000 0.00000
apertureType double 1 1 2.00000
apertureData double 1 2 0.00000 10.00000

invTBN double 3 3 1.00000 0.00000 0.00000 0.00000 1.00000 0.00000 0.00000 0.00000 1.00000
TBN double 3 3 1.00000 0.00000 0.00000 0.00000 1.00000 0.00000 0.00000 0.00000 1.00000

extraDataType char sphere
extraData Struct {
surfaceMesh double 3 130 0.00000 0.00000 0.00000 -0.00000 0.00000 0.00000 0.00000 0.00000 0.00000 0.00000 0.00000 0.00000 -0.17801 -1.62830 -3.01290 -4.31660 -5.52400 -6.62000 -7.58920 -8.41640 -9.08630 -9.58370 -9.89340 -10.00000 -10.00000 -9.09090 -8.18180 -7.27270 -6.36360 -5.45450 -4.54550 -3.63640 -2.72730 -1.81820 -0.90909 0.00000 0.66867 0.88655 0.69872 0.15026 -0.71375 -1.84820 -3.20810 -4.74830 -6.42370 -8.18930 -10.00000 -10.00000 -9.89340 -9.58370 -9.08630 -8.41640 -7.58920 -6.62000 -5.52400 -4.31660 -3.01290 -1.62830 -0.17800 0.00000 0.00000 0.00000 -0.00000 0.00000 0.00000 0.00000 0.00000 0.00000 0.00000 0.00000 0.00000 0.00000 0.00000 0.00000 0.00000 0.00000 0.00000 0.00000 0.00000 0.00000 0.00000 0.00000 0.17801 1.62830 3.01290 4.31660 5.52400 6.62000 7.58920 8.41640 9.08630 9.58370 9.89340 10.00000 10.00000 9.09090 8.18180 7.27270 6.36360 5.45450 4.54550 3.63640 2.72730 1.81820 0.90909 0.00000 -0.66867 -0.88655 -0.69872 -0.15026 0.71375 1.84820 3.20810 4.74830 6.42370 8.18930 10.00000 10.00000 9.89340 9.58370 9.08630 8.41640 7.58920 6.62000 5.52400 4.31660 3.01290 1.62830 0.17801 0.07880 0.00010 0.90918 1.81830 2.72730 3.63640 4.54550 5.45460 6.36370 7.27280 8.18180 9.09090 10.00000 10.00000 9.89340 9.58370 9.08630 8.41640 7.58920 6.62000 5.52400 4.31660 3.01290 1.62830 0.17800 0.00000 0.00001 0.00002 0.00003 0.00004 0.00004 0.00005 0.00006 0.00007 0.00008 0.00009 0.00010 0.00010 0.00011 0.00010 0.00010 0.00009 0.00008 0.00007 0.00005 0.00003 0.00002 0.00000 -0.17801 -1.62830 -3.01290 -4.31660 -5.52400 -6.62000 -7.58920 -8.41640 -9.08630 -9.58370 -9.89340 -10.00000 -10.00000 -9.09090 -8.18180 -7.27270 -6.36360 -5.45450 -4.54540 -3.63630 -2.72720 -1.81810 -0.90900 0.00010 0.66877 0.88666 0.69883 0.15036 -0.71366 -1.84820 -3.20800 -4.74830 -6.42370 -8.18930 -10.00000 -10.00000 -9.89340 -9.58370 -9.08630 -8.41640 -7.58920 -6.62000 -5.52400 -4.31660 -3.01290 -1.62830 -0.17800 -0.00020 -0.00017 -0.00014 -0.00012 -0.00009 -0.00006 -0.00004 -0.00001 0.00002 0.00004 0.00007 0.00010 0.00012 0.00014 0.00016 0.00017 0.00018 0.00019 0.00019 0.00019 0.00020 0.00020 0.00020 0.17801 1.62830 3.01290 4.31660 5.52400 6.62000 7.58920 8.41640 9.08630 9.58370 9.89340 10.00000 10.00000 0.00000 0.01878 0.07522 0.16960 0.30242 0.47440 0.68648 0.93987 1.23609 1.57695 1.96481 2.40242 2.40322 2.41595 2.42601 2.43288 2.43687 2.43866 2.43866 2.43687 2.43288 2.42601 2.41595 2.40322 2.40242 1.96481 1.57695 1.23605 0.93984 0.68646 0.47440 0.30242 0.16960 0.07522 0.01878 0.00000 0.01016 0.01786 0.01109 0.00051 0.01157 0.07772 0.23502 0.51820 0.95809 1.57995 2.40242 2.40322 2.41595 2.42601 2.43288 2.43687 2.43866 2.43866 2.43687 2.43288 2.42601 2.41595 2.40322 2.40242 1.96481 1.57695 1.23605 0.93984 0.68646 0.47438 0.30241 0.16959 0.07521 0.01878 0.00000 0.01016 0.01786 0.01110 0.00051 0.01157 0.07772 0.23500 0.51820 0.95809 1.57995 2.40242 2.40322 2.41595 2.42601 2.43288 2.43687 2.43866 2.43866 2.43687 2.43288 2.42601 2.41595 2.40322 2.40242 1.96481 1.57695 1.23605 0.93984 0.68646 0.47440 0.30242 0.16960 0.07522 0.01878 0.00000 0.01016 0.01786 0.01109 0.00051 0.01157 0.07772 0.23502 0.51820 0.95809 1.57995 2.40242 2.40322 2.41595 2.42601 2.43288 2.43687 2.43866 2.43866 2.43687 2.43288 2.42601 2.41595 2.40322 2.40257
R double 1 1 22.01359
A double 1 1 22.01359
B double 1 1 22.01359
C double 1 1 22.01359
refractionIndex double 1 1 1.00000
surfaceMatrix double 4 4 0.00206 0.00000 0.00000 0.00000 0.00000 0.00206 0.00000 0.00000 0.00000 0.00000 0.00206 0.00000 0.00000 0.00000 0.00000 -1.00000
}
rotationMatrix double 4 4 1.00000 0.00000 0.00000 0.00000 0.00000 1.00000 0.00000 0.00000 0.00000 0.00000 1.00000 0.00000 0.00000 0.00000 0.00000 1.00000
type char surface
}
backSurface Struct {
XYZ double 3 64 0.00000 0.99568 1.98146 2.94755 3.88435 4.78254 5.63320 6.42788 7.15867 7.81831 8.40026 8.89872 9.30874 9.62624 9.84808 9.97204 9.99689 9.92239 9.74928 9.47927 9.11506 8.66025 8.11938 7.49781 6.80173 6.03804 5.21435 4.33884 3.42020 2.46757 1.49042 0.49846 -0.49846 -1.49042 -2.46757 -3.42020 -4.33884 -5.21435 -6.03804 -6.80173 -7.49781 -8.11938 -8.66025 -9.11506 -9.47927 -9.74928 -9.92239 -9.99689 -9.97204 -9.84808 -9.62624 -9.30874 -8.89872 -8.40026 -7.81831 -7.15867 -6.42788 -5.63320 -4.78254 -3.88435 -2.94755 -1.98146 -0.99568 -0.00000 10.00000 9.95031 9.80172 9.55573 9.21476 8.78222 8.26239 7.66044 6.98237 6.23490 5.42546 4.56211 3.65341 2.70840 1.73648 0.74730 -0.24931 -1.24344 -2.22521 -3.18487 -4.11287 -5.00000 -5.83744 -6.61686 -7.33052 -7.97133 -8.53291 -9.00969 -9.39693 -9.69077 -9.88831 -9.98757 -9.98757 -9.88831 -9.69077 -9.39693 -9.00969 -8.53291 -7.97133 -7.33052 -6.61686 -5.83744 -5.00000 -4.11287 -3.18487 -2.22521 -1.24344 -0.24931 0.74730 1.73648 2.70840 3.65341 4.56211 5.42546 6.23490 6.98237 7.66044 8.26239 8.78222 9.21476 9.55573 9.80172 9.95031 10.00000 0.00000 0.00000 0.00000 0.00000 0.00000 0.00000 0.00000 0.00000 0.00000 0.00000 0.00000 0.00000 0.00000 0.00000 0.00000 0.00000 0.00000 0.00000 0.00000 0.00000 0.00000 0.00000 0.00000 0.00000 0.00000 0.00000 0.00000 0.00000 0.00000 0.00000 0.00000 0.00000 0.00000 0.00000 0.00000 0.00000 0.00000 0.00000 0.00000 0.00000 0.00000 0.00000 0.00000 0.00000 0.00000 0.00000 0.00000 0.00000 0.00000 0.00000 0.00000 0.00000 0.00000 0.00000 0.00000 0.00000 0.00000 0.00000 0.00000 0.00000 0.00000 0.00000 0.00000 0.00000
ABCD double 1 4 0.00000 0.00000 1.00000 0.00000
angles double 1 3 0.00000 0.00000 0.00000
position double 1 3 0.00000 0.00000 0.00000
apertureType double 1 1 2.00000
apertureData double 1 2 0.00000 10.00000

invTBN double 3 3 1.00000 0.00000 0.00000 0.00000 1.00000 0.00000 0.00000 0.00000 1.00000
TBN double 3 3 1.00000 0.00000 0.00000 0.00000 1.00000 0.00000 0.00000 0.00000 1.00000

extraDataType char sphere
extraData Struct {
surfaceMesh double 3 130 0.00000 0.00000 0.00000 -0.00000 0.00000 0.00000 0.00000 0.00000 0.00000 0.00000 0.00000 0.00000 -0.17801 -1.62830 -3.01290 -4.31660 -5.52400 -6.62000 -7.58920 -8.41640 -9.08630 -9.58370 -9.89340 -10.00000 -10.00000 -9.09090 -8.18180 -7.27270 -6.36360 -5.45450 -4.54550 -3.63640 -2.72730 -1.81820 -0.90909 0.00000 0.66867 0.88655 0.69872 0.15026 -0.71375 -1.84820 -3.20810 -4.74830 -6.42370 -8.18930 -10.00000 -10.00000 -9.89340 -9.58370 -9.08630 -8.41640 -7.58920 -6.62000 -5.52400 -4.31660 -3.01290 -1.62830 -0.17800 0.00000 0.00000 0.00000 -0.00000 0.00000 0.00000 0.00000 0.00000 0.00000 0.00000 0.00000 0.00000 0.00000 0.00000 0.00000 0.00000 0.00000 0.00000 0.00000 0.00000 0.00000 0.00000 0.00000 0.17801 1.62830 3.01290 4.31660 5.52400 6.62000 7.58920 8.41640 9.08630 9.58370 9.89340 10.00000 10.00000 9.09090 8.18180 7.27270 6.36360 5.45450 4.54550 3.63640 2.72730 1.81820 0.90909 0.00000 -0.66867 -0.88655 -0.69872 -0.15026 0.71375 1.84820 3.20810 4.74830 6.42370 8.18930 10.00000 10.00000 9.89340 9.58370 9.08630 8.41640 7.58920 6.62000 5.52400 4.31660 3.01290 1.62830 0.17801 0.07880 0.00010 0.90918 1.81830 2.72730 3.63640 4.54550 5.45460 6.36370 7.27280 8.18180 9.09090 10.00000 10.00000 9.89340 9.58370 9.08630 8.41640 7.58920 6.62000 5.52400 4.31660 3.01290 1.62830 0.17800 0.00000 0.00001 0.00002 0.00003 0.00004 0.00004 0.00005 0.00006 0.00007 0.00008 0.00009 0.00010 0.00010 0.00011 0.00010 0.00010 0.00009 0.00008 0.00007 0.00005 0.00003 0.00002 0.00000 -0.17801 -1.62830 -3.01290 -4.31660 -5.52400 -6.62000 -7.58920 -8.41640 -9.08630 -9.58370 -9.89340 -10.00000 -10.00000 -9.09090 -8.18180 -7.27270 -6.36360 -5.45450 -4.54540 -3.63630 -2.72720 -1.81810 -0.90900 0.00010 0.66877 0.88666 0.69883 0.15036 -0.71366 -1.84820 -3.20800 -4.74830 -6.42370 -8.18930 -10.00000 -10.00000 -9.89340 -9.58370 -9.08630 -8.41640 -7.58920 -6.62000 -5.52400 -4.31660 -3.01290 -1.62830 -0.17800 -0.00020 -0.00017 -0.00014 -0.00012 -0.00009 -0.00006 -0.00004 -0.00001 0.00002 0.00004 0.00007 0.00010 0.00012 0.00014 0.00016 0.00017 0.00018 0.00019 0.00019 0.00019 0.00020 0.00020 0.00020 0.17801 1.62830 3.01290 4.31660 5.52400 6.62000 7.58920 8.41640 9.08630 9.58370 9.89340 10.00000 10.00000 -0.00000 -0.00095 -0.00379 -0.00853 -0.01517 -0.02371 -0.03414 -0.04647 -0.06070 -0.07682 -0.09484 -0.11476 -0.11479 -0.11537 -0.11582 -0.11613 -0.11631 -0.11639 -0.11639 -0.11631 -0.11613 -0.11582 -0.11537 -0.11479 -0.11476 -0.09484 -0.07682 -0.06069 -0.04647 -0.03414 -0.02371 -0.01517 -0.00853 -0.00379 -0.00095 -0.00000 -0.00051 -0.00090 -0.00056 -0.00003 -0.00058 -0.00392 -0.01181 -0.02587 -0.04735 -0.07696 -0.11476 -0.11479 -0.11537 -0.11582 -0.11613 -0.11631 -0.11639 -0.11639 -0.11631 -0.11613 -0.11582 -0.11537 -0.11479 -0.11476 -0.09484 -0.07682 -0.06069 -0.04647 -0.03414 -0.02371 -0.01517 -0.00853 -0.00379 -0.00095 -0.00000 -0.00051 -0.00090 -0.00056 -0.00003 -0.00058 -0.00392 -0.01181 -0.02587 -0.04735 -0.07696 -0.11476 -0.11479 -0.11537 -0.11582 -0.11613 -0.11631 -0.11639 -0.11639 -0.11631 -0.11613 -0.11582 -0.11537 -0.11479 -0.11476 -0.09484 -0.07682 -0.06069 -0.04647 -0.03414 -0.02371 -0.01517 -0.00853 -0.00379 -0.00095 -0.00000 -0.00051 -0.00090 -0.00056 -0.00003 -0.00058 -0.00392 -0.01181 -0.02587 -0.04735 -0.07696 -0.11476 -0.11479 -0.11537 -0.11582 -0.11613 -0.11631 -0.11639 -0.11639 -0.11631 -0.11613 -0.11582 -0.11537 -0.11479 -0.11476
R double 1 1 -435.76044
A double 1 1 -435.76044
B double 1 1 -435.76044
C double 1 1 -435.76044
refractionIndex double 1 1 1.00000
surfaceMatrix double 4 4 0.00001 0.00000 0.00000 0.00000 0.00000 0.00001 0.00000 0.00000 0.00000 0.00000 0.00001 0.00000 0.00000 0.00000 0.00000 -1.00000
}
rotationMatrix double 4 4 1.00000 0.00000 0.00000 0.00000 0.00000 1.00000 0.00000 0.00000 0.00000 0.00000 1.00000 0.00000 0.00000 0.00000 0.00000 1.00000
type char surface
}
tickness double 1 1 3.25890
apertureData double 1 1 10.00000
apertureType double 1 1 2.00000
material Struct {
Desciption char SK16
refractionIndexData double 1 6 1.34318 0.00705 0.24114 0.02290 0.99432 92.75085
}

type char lens
}
Struct {
frontSurface Struct {
XYZ double 3 64 0.00000 0.99568 1.98146 2.94755 3.88435 4.78254 5.63320 6.42788 7.15867 7.81831 8.40026 8.89872 9.30874 9.62624 9.84808 9.97204 9.99689 9.92239 9.74928 9.47927 9.11506 8.66025 8.11938 7.49781 6.80173 6.03804 5.21435 4.33884 3.42020 2.46757 1.49042 0.49846 -0.49846 -1.49042 -2.46757 -3.42020 -4.33884 -5.21435 -6.03804 -6.80173 -7.49781 -8.11938 -8.66025 -9.11506 -9.47927 -9.74928 -9.92239 -9.99689 -9.97204 -9.84808 -9.62624 -9.30874 -8.89872 -8.40026 -7.81831 -7.15867 -6.42788 -5.63320 -4.78254 -3.88435 -2.94755 -1.98146 -0.99568 -0.00000 10.00000 9.95031 9.80172 9.55573 9.21476 8.78222 8.26239 7.66044 6.98237 6.23490 5.42546 4.56211 3.65341 2.70840 1.73648 0.74730 -0.24931 -1.24344 -2.22521 -3.18487 -4.11287 -5.00000 -5.83744 -6.61686 -7.33052 -7.97133 -8.53291 -9.00969 -9.39693 -9.69077 -9.88831 -9.98757 -9.98757 -9.88831 -9.69077 -9.39693 -9.00969 -8.53291 -7.97133 -7.33052 -6.61686 -5.83744 -5.00000 -4.11287 -3.18487 -2.22521 -1.24344 -0.24931 0.74730 1.73648 2.70840 3.65341 4.56211 5.42546 6.23490 6.98237 7.66044 8.26239 8.78222 9.21476 9.55573 9.80172 9.95031 10.00000 9.26645 9.26645 9.26645 9.26645 9.26645 0.00000 0.00000 0.00000 0.00000 0.00000 0.00000 0.00000 0.00000 0.00000 0.00000 0.00000 0.00000 0.00000 0.00000 0.00000 0.00000 0.00000 0.00000 0.00000 0.00000 0.00000 0.00000 0.00000 0.00000 0.00000 0.00000 0.00000 0.00000 0.00000 0.00000 0.00000 0.00000 0.00000 0.00000 0.00000 0.00000 0.00000 0.00000 0.00000 0.00000 0.00000 0.00000 0.00000 0.00000 0.00000 0.00000 0.00000 0.00000 0.00000 0.00000 0.00000 0.00000 0.00000 0.00000 0.00000 0.00000 0.00000 0.00000 0.00000
ABCD double 1 4 0.00000 0.00000 1.00000 9.26645
angles double 1 3 0.00000 0.00000 0.00000
position double 1 3 0.00000 0.00000 9.26645
apertureType double 1 1 2.00000
apertureData double 1 2 0.00000 10.00000

invTBN double 3 3 1.00000 0.00000 0.00000 0.00000 1.00000 0.00000 0.00000 0.00000 1.00000
TBN double 3 3 1.00000 0.00000 0.00000 0.00000 1.00000 0.00000 0.00000 0.00000 1.00000

extraDataType char sphere
extraData Struct {
surfaceMesh double 3 130 0.00000 0.00000 0.00000 -0.00000 0.00000 0.00000 0.00000 0.00000 0.00000 0.00000 0.00000 0.00000 -0.17801 -1.62830 -3.01290 -4.31660 -5.52400 -6.62000 -7.58920 -8.41640 -9.08630 -9.58370 -9.89340 -10.00000 -10.00000 -9.09090 -8.18180 -7.27270 -6.36360 -5.45450 -4.54550 -3.63640 -2.72730 -1.81820 -0.90909 0.00000 0.66867 0.88655 0.69872 0.15026 -0.71375 -1.84820 -3.20810 -4.74830 -6.42370 -8.18930 -10.00000 -10.00000 -9.89340 -9.58370 -9.08630 -8.41640 -7.58920 -6.62000 -5.52400 -4.31660 -3.01290 -1.62830 -0.17800 0.00000 0.00000 0.00000 -0.00000 0.00000 0.00000 0.00000 0.00000 0.00000 0.00000 0.00000 0.00000 0.00000 0.00000 0.00000 0.00000 0.00000 0.00000 0.00000 0.00000 0.00000 0.00000 0.00000 0.17801 1.62830 3.01290 4.31660 5.52400 6.62000 7.58920 8.41640 9.08630 9.58370 9.89340 10.00000 10.00000 9.09090 8.18180 7.27270 6.36360 5.45450 4.54550 3.63640 2.72730 1.81820 0.90909 0.00000 -0.66867 -0.88655 -0.69872 -0.15026 0.71375 1.84820 3.20810 4.74830 6.42370 8.18930 10.00000 10.00000 9.89340 9.58370 9.08630 8.41640 7.58920 6.62000 5.52400 4.31660 3.01290 1.62830 0.17801 0.07880 0.00010 0.90918 1.81830 2.72730 3.63640 4.54550 5.45460 6.36370 7.27280 8.18180 9.09090 10.00000 10.00000 9.89340 9.58370 9.08630 8.41640 7.58920 6.62000 5.52400 4.31660 3.01290 1.62830 0.17800 0.00000 0.00001 0.00002 0.00003 0.00004 0.00004 0.00005 0.00006 0.00007 0.00008 0.00009 0.00010 0.00010 0.00011 0.00010 0.00010 0.00009 0.00008 0.00007 0.00005 0.00003 0.00002 0.00000 -0.17801 -1.62830 -3.01290 -4.31660 -5.52400 -6.62000 -7.58920 -8.41640 -9.08630 -9.58370 -9.89340 -10.00000 -10.00000 -9.09090 -8.18180 -7.27270 -6.36360 -5.45450 -4.54540 -3.63630 -2.72720 -1.81810 -0.90900 0.00010 0.66877 0.88666 0.69883 0.15036 -0.71366 -1.84820 -3.20800 -4.74830 -6.42370 -8.18930 -10.00000 -10.00000 -9.89340 -9.58370 -9.08630 -8.41640 -7.58920 -6.62000 -5.52400 -4.31660 -3.01290 -1.62830 -0.17800 -0.00020 -0.00017 -0.00014 -0.00012 -0.00009 -0.00006 -0.00004 -0.00001 0.00002 0.00004 0.00007 0.00010 0.00012 0.00014 0.00016 0.00017 0.00018 0.00019 0.00019 0.00019 0.00020 0.00020 0.00020 0.17801 1.62830 3.01290 4.31660 5.52400 6.62000 7.58920 8.41640 9.08630 9.58370 9.89340 10.00000 10.00000 -0.00000 -0.01861 -0.07454 -0.16806 -0.29967 -0.47005 -0.68012 -0.93105 -1.22433 -1.56170 -1.94544 -2.37822 -2.37901 -2.39160 -2.40154 -2.40833 -2.41228 -2.41405 -2.41405 -2.41228 -2.40833 -2.40154 -2.39160 -2.37901 -2.37822 -1.94544 -1.56170 -1.22429 -0.93102 -0.68009 -0.47005 -0.29967 -0.16806 -0.07454 -0.01861 -0.00000 -0.01007 -0.01770 -0.01099 -0.00051 -0.01147 -0.07702 -0.23288 -0.51343 -0.94909 -1.56467 -2.37822 -2.37901 -2.39160 -2.40154 -2.40833 -2.41228 -2.41405 -2.41405 -2.41228 -2.40833 -2.40154 -2.39160 -2.37901 -2.37822 -1.94544 -1.56170 -1.22429 -0.93102 -0.68009 -0.47002 -0.29965 -0.16805 -0.07453 -0.01861 -0.00000 -0.01007 -0.01770 -0.01100 -0.00051 -0.01147 -0.07702 -0.23287 -0.51343 -0.94909 -1.56467 -2.37822 -2.37901 -2.39160 -2.40154 -2.40833 -2.41228 -2.41405 -2.41405 -2.41228 -2.40833 -2.40154 -2.39160 -2.37901 -2.37822 -1.94544 -1.56170 -1.22429 -0.93102 -0.68009 -0.47005 -0.29967 -0.16806 -0.07454 -0.01861 -0.00000 -0.01007 -0.01770 -0.01099 -0.00051 -0.01147 -0.07702 -0.23288 -0.51343 -0.94909 -1.56467 -2.37822 -2.37901 -2.39160 -2.40154 -2.40833 -2.41228 -2.41405 -2.41405 -2.41228 -2.40833 -2.40154 -2.39160 -2.37901 -2.37837
R double 1 1 -22.21328
A double 1 1 -22.21328
B double 1 1 -22.21328
C double 1 1 -22.21328
refractionIndex double 1 1 1.00000
surfaceMatrix double 4 4 0.00203 0.00000 0.00000 0.00000 0.00000 0.00203 0.00000 0.00000 0.00000 0.00000 0.00203 0.00000 0.00000 0.00000 0.00000 -1.00000
}
rotationMatrix double 4 4 1.00000 0.00000 0.00000 0.00000 0.00000 1.00000 0.00000 0.00000 0.00000 0.00000 1.00000 0.00000 0.00000 0.00000 0.00000 1.00000
type char surface
}
backSurface Struct {
XYZ double 3 64 0.00000 0.99568 1.98146 2.94755 3.88435 4.78254 5.63320 6.42788 7.15867 7.81831 8.40026 8.89872 9.30874 9.62624 9.84808 9.97204 9.99689 9.92239 9.74928 9.47927 9.11506 8.66025 8.11938 7.49781 6.80173 6.03804 5.21435 4.33884 3.42020 2.46757 1.49042 0.49846 -0.49846 -1.49042 -2.46757 -3.42020 -4.33884 -5.21435 -6.03804 -6.80173 -7.49781 -8.11938 -8.66025 -9.11506 -9.47927 -9.74928 -9.92239 -9.99689 -9.97204 -9.84808 -9.62624 -9.30874 -8.89872 -8.40026 -7.81831 -7.15867 -6.42788 -5.63320 -4.78254 -3.88435 -2.94755 -1.98146 -0.99568 -0.00000 10.00000 9.95031 9.80172 9.55573 9.21476 8.78222 8.26239 7.66044 6.98237 6.23490 5.42546 4.56211 3.65341 2.70840 1.73648 0.74730 -0.24931 -1.24344 -2.22521 -3.18487 -4.11287 -5.00000 -5.83744 -6.61686 -7.33052 -7.97133 -8.53291 -9.00969 -9.39693 -9.69077 -9.88831 -9.98757 -9.98757 -9.88831 -9.69077 -9.39693 -9.00969 -8.53291 -7.97133 -7.33052 -6.61686 -5.83744 -5.00000 -4.11287 -3.18487 -2.22521 -1.24344 -0.24931 0.74730 1.73648 2.70840 3.65341 4.56211 5.42546 6.23490 6.98237 7.66044 8.26239 8.78222 9.21476 9.55573 9.80172 9.95031 10.00000 9.26645 9.26645 9.26645 9.26645 9.26645 0.00000 0.00000 0.00000 0.00000 0.00000 0.00000 0.00000 0.00000 0.00000 0.00000 0.00000 0.00000 0.00000 0.00000 0.00000 0.00000 0.00000 0.00000 0.00000 0.00000 0.00000 0.00000 0.00000 0.00000 0.00000 0.00000 0.00000 0.00000 0.00000 0.00000 0.00000 0.00000 0.00000 0.00000 0.00000 0.00000 0.00000 0.00000 0.00000 0.00000 0.00000 0.00000 0.00000 0.00000 0.00000 0.00000 0.00000 0.00000 0.00000 0.00000 0.00000 0.00000 0.00000 0.00000 0.00000 0.00000 0.00000 0.00000 0.00000
ABCD double 1 4 0.00000 0.00000 1.00000 9.26645
angles double 1 3 0.00000 0.00000 0.00000
position double 1 3 0.00000 0.00000 9.26645
apertureType double 1 1 2.00000
apertureData double 1 2 0.00000 10.00000

invTBN double 3 3 1.00000 0.00000 0.00000 0.00000 1.00000 0.00000 0.00000 0.00000 1.00000
TBN double 3 3 1.00000 0.00000 0.00000 0.00000 1.00000 0.00000 0.00000 0.00000 1.00000

extraDataType char sphere
extraData Struct {
surfaceMesh double 3 130 0.00000 0.00000 0.00000 -0.00000 0.00000 0.00000 0.00000 0.00000 0.00000 0.00000 0.00000 0.00000 -0.17801 -1.62830 -3.01290 -4.31660 -5.52400 -6.62000 -7.58920 -8.41640 -9.08630 -9.58370 -9.89340 -10.00000 -10.00000 -9.09090 -8.18180 -7.27270 -6.36360 -5.45450 -4.54550 -3.63640 -2.72730 -1.81820 -0.90909 0.00000 0.66867 0.88655 0.69872 0.15026 -0.71375 -1.84820 -3.20810 -4.74830 -6.42370 -8.18930 -10.00000 -10.00000 -9.89340 -9.58370 -9.08630 -8.41640 -7.58920 -6.62000 -5.52400 -4.31660 -3.01290 -1.62830 -0.17800 0.00000 0.00000 0.00000 -0.00000 0.00000 0.00000 0.00000 0.00000 0.00000 0.00000 0.00000 0.00000 0.00000 0.00000 0.00000 0.00000 0.00000 0.00000 0.00000 0.00000 0.00000 0.00000 0.00000 0.17801 1.62830 3.01290 4.31660 5.52400 6.62000 7.58920 8.41640 9.08630 9.58370 9.89340 10.00000 10.00000 9.09090 8.18180 7.27270 6.36360 5.45450 4.54550 3.63640 2.72730 1.81820 0.90909 0.00000 -0.66867 -0.88655 -0.69872 -0.15026 0.71375 1.84820 3.20810 4.74830 6.42370 8.18930 10.00000 10.00000 9.89340 9.58370 9.08630 8.41640 7.58920 6.62000 5.52400 4.31660 3.01290 1.62830 0.17801 0.07880 0.00010 0.90918 1.81830 2.72730 3.63640 4.54550 5.45460 6.36370 7.27280 8.18180 9.09090 10.00000 10.00000 9.89340 9.58370 9.08630 8.41640 7.58920 6.62000 5.52400 4.31660 3.01290 1.62830 0.17800 0.00000 0.00001 0.00002 0.00003 0.00004 0.00004 0.00005 0.00006 0.00007 0.00008 0.00009 0.00010 0.00010 0.00011 0.00010 0.00010 0.00009 0.00008 0.00007 0.00005 0.00003 0.00002 0.00000 -0.17801 -1.62830 -3.01290 -4.31660 -5.52400 -6.62000 -7.58920 -8.41640 -9.08630 -9.58370 -9.89340 -10.00000 -10.00000 -9.09090 -8.18180 -7.27270 -6.36360 -5.45450 -4.54540 -3.63630 -2.72720 -1.81810 -0.90900 0.00010 0.66877 0.88666 0.69883 0.15036 -0.71366 -1.84820 -3.20800 -4.74830 -6.42370 -8.18930 -10.00000 -10.00000 -9.89340 -9.58370 -9.08630 -8.41640 -7.58920 -6.62000 -5.52400 -4.31660 -3.01290 -1.62830 -0.17800 -0.00020 -0.00017 -0.00014 -0.00012 -0.00009 -0.00006 -0.00004 -0.00001 0.00002 0.00004 0.00007 0.00010 0.00012 0.00014 0.00016 0.00017 0.00018 0.00019 0.00019 0.00019 0.00020 0.00020 0.00020 0.17801 1.62830 3.01290 4.31660 5.52400 6.62000 7.58920 8.41640 9.08630 9.58370 9.89340 10.00000 10.00000 0.00000 0.02038 0.08163 0.18411 0.32849 0.51566 0.74686 1.02367 1.34810 1.72259 2.15032 2.63514 2.63603 2.65017 2.66135 2.66898 2.67342 2.67540 2.67540 2.67342 2.66898 2.66135 2.65017 2.63603 2.63514 2.15032 1.72259 1.34806 1.02364 0.74683 0.51566 0.32849 0.18411 0.08162 0.02037 0.00000 0.01102 0.01938 0.01203 0.00056 0.01256 0.08434 0.25520 0.56337 1.04359 1.72589 2.63514 2.63603 2.65017 2.66135 2.66898 2.67342 2.67540 2.67540 2.67342 2.66898 2.66135 2.65017 2.63603 2.63514 2.15032 1.72259 1.34806 1.02364 0.74683 0.51564 0.32847 0.18410 0.08161 0.02037 0.00000 0.01102 0.01938 0.01204 0.00056 0.01255 0.08434 0.25518 0.56337 1.04359 1.72589 2.63514 2.63603 2.65017 2.66135 2.66898 2.67342 2.67540 2.67540 2.67342 2.66898 2.66135 2.65017 2.63603 2.63514 2.15032 1.72259 1.34806 1.02364 0.74683 0.51566 0.32849 0.18411 0.08162 0.02037 0.00000 0.01102 0.01938 0.01203 0.00056 0.01256 0.08434 0.25520 0.56337 1.04359 1.72589 2.63514 2.63603 2.65017 2.66135 2.66898 2.67342 2.67540 2.67540 2.67342 2.66898 2.66135 2.65017 2.63603 2.63531
R double 1 1 20.29192
A double 1 1 20.29192
B double 1 1 20.29192
C double 1 1 20.29192
refractionIndex double 1 1 1.00000
surfaceMatrix double 4 4 0.00243 0.00000 0.00000 0.00000 0.00000 0.00243 0.00000 0.00000 0.00000 0.00000 0.00243 0.00000 0.00000 0.00000 0.00000 -1.00000
}
rotationMatrix double 4 4 1.00000 0.00000 0.00000 0.00000 0.00000 1.00000 0.00000 0.00000 0.00000 0.00000 1.00000 0.00000 0.00000 0.00000 0.00000 1.00000
type char surface
}
tickness double 1 1 0.99997
apertureData double 1 1 10.00000
apertureType double 1 1 2.00000
material Struct {
Desciption char F2
refractionIndexData double 1 6 1.34533 0.00998 0.20907 0.04705 0.93736 111.88676
}

type char lens
}
Struct {
frontSurface Struct {
XYZ double 3 64 0.00000 0.59741 1.18888 1.76853 2.33061 2.86952 3.37992 3.85673 4.29520 4.69099 5.04016 5.33923 5.58524 5.77575 5.90885 5.98322 5.99814 5.95344 5.84957 5.68756 5.46904 5.19615 4.87163 4.49869 4.08104 3.62283 3.12861 2.60330 2.05212 1.48054 0.89425 0.29908 -0.29908 -0.89425 -1.48054 -2.05212 -2.60330 -3.12861 -3.62283 -4.08104 -4.49869 -4.87163 -5.19615 -5.46904 -5.68756 -5.84957 -5.95344 -5.99814 -5.98322 -5.90885 -5.77575 -5.58524 -5.33923 -5.04016 -4.69099 -4.29520 -3.85673 -3.37992 -2.86952 -2.33061 -1.76853 -1.18888 -0.59741 -0.00000 6.00000 5.97018 5.88103 5.73344 5.52886 5.26933 4.95743 4.59627 4.18942 3.74094 3.25528 2.73726 2.19205 1.62504 1.04189 0.44838 -0.14958 -0.74606 -1.33513 -1.91092 -2.46772 -3.00000 -3.50246 -3.97012 -4.39831 -4.78280 -5.11975 -5.40581 -5.63816 -5.81446 -5.93298 -5.99254 -5.99254 -5.93298 -5.81446 -5.63816 -5.40581 -5.11975 -4.78280 -4.39831 -3.97012 -3.50246 -3.00000 -2.46772 -1.91092 -1.33513 -0.74606 -0.14958 0.44838 1.04189 1.62504 2.19205 2.73726 3.25528 3.74094 4.18942 4.59627 4.95743 5.26933 5.52886 5.73344 5.88103 5.97018 6.00000 15.00683 15.00683 15.00683 15.00683 15.00683 0.00000 0.00000 0.00000 0.00000 0.00000 0.00000 0.00000 0.00000 0.00000 0.00000 0.00000 0.00000 0.00000 0.00000 0.00000 0.00000 0.00000 0.00000 0.00000 0.00000 0.00000 0.00000 0.00000 0.00000 0.00000 0.00000 0.00000 0.00000 0.00000 0.00000 0.00000 0.00000 0.00000 0.00000 0.00000 0.00000 0.00000 0.00000 0.00000 0.00000 0.00000 0.00000 0.00000 0.00000 0.00000 0.00000 0.00000 0.00000 0.00000 0.00000 0.00000 0.00000 0.00000 0.00000 0.00000 0.00000 0.00000 0.00000 0.00000
ABCD double 1 4 0.00000 0.00000 1.00000 15.00683
angles double 1 3 0.00000 0.00000 0.00000
position double 1 3 0.00000 0.00000 15.00683
apertureType double 1 1 2.00000
apertureData double 1 2 0.00000 6.00000

invTBN double 3 3 1.00000 0.00000 0.00000 0.00000 1.00000 0.00000 0.00000 0.00000 1.00000
TBN double 3 3 1.00000 0.00000 0.00000 0.00000 1.00000 0.00000 0.00000 0.00000 1.00000

extraDataType char sphere
extraData Struct {
surfaceMesh double 3 130 0.00000 0.00000 0.00000 -0.00000 0.00000 0.00000 0.00000 0.00000 0.00000 0.00000 0.00000 0.00000 -0.10681 -0.97698 -1.80774 -2.58996 -3.31440 -3.97200 -4.55352 -5.04984 -5.45178 -5.75022 -5.93604 -6.00000 -6.00000 -5.45454 -4.90908 -4.36362 -3.81816 -3.27270 -2.72730 -2.18184 -1.63638 -1.09092 -0.54545 0.00000 0.40120 0.53193 0.41923 0.09016 -0.42825 -1.10892 -1.92486 -2.84898 -3.85422 -4.91358 -6.00000 -6.00000 -5.93604 -5.75022 -5.45178 -5.04984 -4.55352 -3.97200 -3.31440 -2.58996 -1.80774 -0.97698 -0.10680 0.00000 0.00000 0.00000 -0.00000 0.00000 0.00000 0.00000 0.00000 0.00000 0.00000 0.00000 0.00000 0.00000 0.00000 0.00000 0.00000 0.00000 0.00000 0.00000 0.00000 0.00000 0.00000 0.00000 0.10681 0.97698 1.80774 2.58996 3.31440 3.97200 4.55352 5.04984 5.45178 5.75022 5.93604 6.00000 6.00000 5.45454 4.90908 4.36362 3.81816 3.27270 2.72730 2.18184 1.63638 1.09092 0.54545 0.00000 -0.40120 -0.53193 -0.41923 -0.09016 0.42825 1.10892 1.92486 2.84898 3.85422 4.91358 6.00000 6.00000 5.93604 5.75022 5.45178 5.04984 4.55352 3.97200 3.31440 2.58996 1.80774 0.97698 0.10681 0.04728 0.00006 0.54551 1.09098 1.63638 2.18184 2.72730 3.27276 3.81822 4.36368 4.90908 5.45454 6.00000 6.00000 5.93604 5.75022 5.45178 5.04984 4.55352 3.97200 3.31440 2.58996 1.80774 0.97698 0.10680 0.00000 0.00001 0.00001 0.00002 0.00002 0.00003 0.00003 0.00004 0.00004 0.00005 0.00005 0.00006 0.00006 0.00006 0.00006 0.00006 0.00005 0.00005 0.00004 0.00003 0.00002 0.00001 0.00000 -0.10681 -0.97698 -1.80774 -2.58996 -3.31440 -3.97200 -4.55352 -5.04984 -5.45178 -5.75022 -5.93604 -6.00000 -6.00000 -5.45454 -4.90908 -4.36362 -3.81816 -3.27270 -2.72724 -2.18178 -1.63632 -1.09086 -0.54540 0.00006 0.40126 0.53200 0.41930 0.09022 -0.42820 -1.10892 -1.92480 -2.84898 -3.85422 -4.91358 -6.00000 -6.00000 -5.93604 -5.75022 -5.45178 -5.04984 -4.55352 -3.97200 -3.31440 -2.58996 -1.80774 -0.97698 -0.10680 -0.00012 -0.00010 -0.00009 -0.00007 -0.00005 -0.00004 -0.00002 -0.00001 0.00001 0.00003 0.00004 0.00006 0.00007 0.00009 0.00009 0.00010 0.00011 0.00011 0.00011 0.00012 0.00012 0.00012 0.00012 0.10681 0.97698 1.80774 2.58996 3.31440 3.97200 4.55352 5.04984 5.45178 5.75022 5.93604 6.00000 6.00000 0.00000 0.00187 0.00747 0.01680 0.02988 0.04669 0.06724 0.09153 0.11957 0.15136 0.18691 0.22621 0.22629 0.22742 0.22831 0.22892 0.22927 0.22943 0.22943 0.22927 0.22892 0.22831 0.22742 0.22629 0.22621 0.18691 0.15136 0.11957 0.09153 0.06724 0.04669 0.02988 0.01680 0.00747 0.00187 0.00000 0.00101 0.00178 0.00110 0.00005 0.00115 0.00772 0.02325 0.05095 0.09327 0.15164 0.22621 0.22629 0.22742 0.22831 0.22892 0.22927 0.22943 0.22943 0.22927 0.22892 0.22831 0.22742 0.22629 0.22621 0.18691 0.15136 0.11957 0.09153 0.06724 0.04668 0.02987 0.01680 0.00747 0.00187 0.00000 0.00101 0.00178 0.00110 0.00005 0.00115 0.00772 0.02325 0.05095 0.09327 0.15164 0.22621 0.22629 0.22742 0.22831 0.22892 0.22927 0.22943 0.22943 0.22927 0.22892 0.22831 0.22742 0.22629 0.22621 0.18691 0.15136 0.11957 0.09153 0.06724 0.04669 0.02988 0.01680 0.00747 0.00187 0.00000 0.00101 0.00178 0.00110 0.00005 0.00115 0.00772 0.02325 0.05095 0.09327 0.15164 0.22621 0.22629 0.22742 0.22831 0.22892 0.22927 0.22943 0.22943 0.22927 0.22892 0.22831 0.22742 0.22629 0.22623
R double 1 1 79.68360
A double 1 1 79.68360
B double 1 1 79.68360
C double 1 1 79.68360
refractionIndex double 1 1 1.00000
surfaceMatrix double 4 4 0.00016 0.00000 0.00000 0.00000 0.00000 0.00016 0.00000 0.00000 0.00000 0.00000 0.00016 0.00000 0.00000 0.00000 0.00000 -1.00000
}
rotationMatrix double 4 4 1.00000 0.00000 0.00000 0.00000 0.00000 1.00000 0.00000 0.00000 0.00000 0.00000 1.00000 0.00000 0.00000 0.00000 0.00000 1.00000
type char surface
}
backSurface Struct {
XYZ double 3 64 0.00000 0.59741 1.18888 1.76853 2.33061 2.86952 3.37992 3.85673 4.29520 4.69099 5.04016 5.33923 5.58524 5.77575 5.90885 5.98322 5.99814 5.95344 5.84957 5.68756 5.46904 5.19615 4.87163 4.49869 4.08104 3.62283 3.12861 2.60330 2.05212 1.48054 0.89425 0.29908 -0.29908 -0.89425 -1.48054 -2.05212 -2.60330 -3.12861 -3.62283 -4.08104 -4.49869 -4.87163 -5.19615 -5.46904 -5.68756 -5.84957 -5.95344 -5.99814 -5.98322 -5.90885 -5.77575 -5.58524 -5.33923 -5.04016 -4.69099 -4.29520 -3.85673 -3.37992 -2.86952 -2.33061 -1.76853 -1.18888 -0.59741 -0.00000 6.00000 5.97018 5.88103 5.73344 5.52886 5.26933 4.95743 4.59627 4.18942 3.74094 3.25528 2.73726 2.19205 1.62504 1.04189 0.44838 -0.14958 -0.74606 -1.33513 -1.91092 -2.46772 -3.00000 -3.50246 -3.97012 -4.39831 -4.78280 -5.11975 -5.40581 -5.63816 -5.81446 -5.93298 -5.99254 -5.99254 -5.93298 -5.81446 -5.63816 -5.40581 -5.11975 -4.78280 -4.39831 -3.97012 -3.50246 -3.00000 -2.46772 -1.91092 -1.33513 -0.74606 -0.14958 0.44838 1.04189 1.62504 2.19205 2.73726 3.25528 3.74094 4.18942 4.59627 4.95743 5.26933 5.52886 5.73344 5.88103 5.97018 6.00000 15.00683 15.00683 15.00683 15.00683 15.00683 0.00000 0.00000 0.00000 0.00000 0.00000 0.00000 0.00000 0.00000 0.00000 0.00000 0.00000 0.00000 0.00000 0.00000 0.00000 0.00000 0.00000 0.00000 0.00000 0.00000 0.00000 0.00000 0.00000 0.00000 0.00000 0.00000 0.00000 0.00000 0.00000 0.00000 0.00000 0.00000 0.00000 0.00000 0.00000 0.00000 0.00000 0.00000 0.00000 0.00000 0.00000 0.00000 0.00000 0.00000 0.00000 0.00000 0.00000 0.00000 0.00000 0.00000 0.00000 0.00000 0.00000 0.00000 0.00000 0.00000 0.00000 0.00000 0.00000
ABCD double 1 4 0.00000 0.00000 1.00000 15.00683
angles double 1 3 0.00000 0.00000 0.00000
position double 1 3 0.00000 0.00000 15.00683
apertureType double 1 1 2.00000
apertureData double 1 2 0.00000 6.00000

invTBN double 3 3 1.00000 0.00000 0.00000 0.00000 1.00000 0.00000 0.00000 0.00000 1.00000
TBN double 3 3 1.00000 0.00000 0.00000 0.00000 1.00000 0.00000 0.00000 0.00000 1.00000

extraDataType char sphere
extraData Struct {
surfaceMesh double 3 130 0.00000 0.00000 0.00000 -0.00000 0.00000 0.00000 0.00000 0.00000 0.00000 0.00000 0.00000 0.00000 -0.10681 -0.97698 -1.80774 -2.58996 -3.31440 -3.97200 -4.55352 -5.04984 -5.45178 -5.75022 -5.93604 -6.00000 -6.00000 -5.45454 -4.90908 -4.36362 -3.81816 -3.27270 -2.72730 -2.18184 -1.63638 -1.09092 -0.54545 0.00000 0.40120 0.53193 0.41923 0.09016 -0.42825 -1.10892 -1.92486 -2.84898 -3.85422 -4.91358 -6.00000 -6.00000 -5.93604 -5.75022 -5.45178 -5.04984 -4.55352 -3.97200 -3.31440 -2.58996 -1.80774 -0.97698 -0.10680 0.00000 0.00000 0.00000 -0.00000 0.00000 0.00000 0.00000 0.00000 0.00000 0.00000 0.00000 0.00000 0.00000 0.00000 0.00000 0.00000 0.00000 0.00000 0.00000 0.00000 0.00000 0.00000 0.00000 0.10681 0.97698 1.80774 2.58996 3.31440 3.97200 4.55352 5.04984 5.45178 5.75022 5.93604 6.00000 6.00000 5.45454 4.90908 4.36362 3.81816 3.27270 2.72730 2.18184 1.63638 1.09092 0.54545 0.00000 -0.40120 -0.53193 -0.41923 -0.09016 0.42825 1.10892 1.92486 2.84898 3.85422 4.91358 6.00000 6.00000 5.93604 5.75022 5.45178 5.04984 4.55352 3.97200 3.31440 2.58996 1.80774 0.97698 0.10681 0.04728 0.00006 0.54551 1.09098 1.63638 2.18184 2.72730 3.27276 3.81822 4.36368 4.90908 5.45454 6.00000 6.00000 5.93604 5.75022 5.45178 5.04984 4.55352 3.97200 3.31440 2.58996 1.80774 0.97698 0.10680 0.00000 0.00001 0.00001 0.00002 0.00002 0.00003 0.00003 0.00004 0.00004 0.00005 0.00005 0.00006 0.00006 0.00006 0.00006 0.00006 0.00005 0.00005 0.00004 0.00003 0.00002 0.00001 0.00000 -0.10681 -0.97698 -1.80774 -2.58996 -3.31440 -3.97200 -4.55352 -5.04984 -5.45178 -5.75022 -5.93604 -6.00000 -6.00000 -5.45454 -4.90908 -4.36362 -3.81816 -3.27270 -2.72724 -2.18178 -1.63632 -1.09086 -0.54540 0.00006 0.40126 0.53200 0.41930 0.09022 -0.42820 -1.10892 -1.92480 -2.84898 -3.85422 -4.91358 -6.00000 -6.00000 -5.93604 -5.75022 -5.45178 -5.04984 -4.55352 -3.97200 -3.31440 -2.58996 -1.80774 -0.97698 -0.10680 -0.00012 -0.00010 -0.00009 -0.00007 -0.00005 -0.00004 -0.00002 -0.00001 0.00001 0.00003 0.00004 0.00006 0.00007 0.00009 0.00009 0.00010 0.00011 0.00011 0.00011 0.00012 0.00012 0.00012 0.00012 0.10681 0.97698 1.80774 2.58996 3.31440 3.97200 4.55352 5.04984 5.45178 5.75022 5.93604 6.00000 6.00000 -0.00000 -0.00809 -0.03239 -0.07295 -0.12989 -0.20336 -0.29356 -0.40075 -0.52522 -0.66734 -0.82754 -1.00634 -1.00666 -1.01183 -1.01592 -1.01870 -1.02032 -1.02105 -1.02105 -1.02032 -1.01870 -1.01592 -1.01183 -1.00666 -1.00634 -0.82754 -0.66734 -0.52521 -0.40074 -0.29355 -0.20336 -0.12989 -0.07295 -0.03239 -0.00809 -0.00000 -0.00438 -0.00769 -0.00478 -0.00022 -0.00499 -0.03346 -0.10101 -0.22202 -0.40843 -0.66858 -1.00634 -1.00666 -1.01183 -1.01592 -1.01870 -1.02032 -1.02105 -1.02105 -1.02032 -1.01870 -1.01592 -1.01183 -1.00666 -1.00634 -0.82754 -0.66734 -0.52521 -0.40074 -0.29355 -0.20335 -0.12988 -0.07294 -0.03238 -0.00809 -0.00000 -0.00438 -0.00770 -0.00478 -0.00022 -0.00499 -0.03346 -0.10101 -0.22202 -0.40843 -0.66858 -1.00634 -1.00666 -1.01183 -1.01592 -1.01870 -1.02032 -1.02105 -1.02105 -1.02032 -1.01870 -1.01592 -1.01183 -1.00666 -1.00634 -0.82754 -0.66734 -0.52521 -0.40074 -0.29355 -0.20336 -0.12989 -0.07295 -0.03239 -0.00809 -0.00000 -0.00438 -0.00769 -0.00478 -0.00022 -0.00499 -0.03346 -0.10101 -0.22202 -0.40843 -0.66858 -1.00634 -1.00666 -1.01183 -1.01592 -1.01870 -1.02032 -1.02105 -1.02105 -1.02032 -1.01870 -1.01592 -1.01183 -1.00666 -1.00640
R double 1 1 -18.38984
A double 1 1 -18.38984
B double 1 1 -18.38984
C double 1 1 -18.38984
refractionIndex double 1 1 1.00000
surfaceMatrix double 4 4 0.00296 0.00000 0.00000 0.00000 0.00000 0.00296 0.00000 0.00000 0.00000 0.00000 0.00296 0.00000 0.00000 0.00000 0.00000 -1.00000
}
rotationMatrix double 4 4 1.00000 0.00000 0.00000 0.00000 0.00000 1.00000 0.00000 0.00000 0.00000 0.00000 1.00000 0.00000 0.00000 0.00000 0.00000 1.00000
type char surface
}
tickness double 1 1 2.95208
apertureData double 1 1 6.00000
apertureType double 1 1 2.00000
material Struct {
Desciption char SK16
refractionIndexData double 1 6 1.34318 0.00705 0.24114 0.02290 0.99432 92.75085
}

type char lens
}
Struct {
frontSurface Struct {
XYZ double 3 64 0.00000 0.39827 0.79258 1.17902 1.55374 1.91302 2.25328 2.57115 2.86347 3.12733 3.36010 3.55949 3.72349 3.85050 3.93923 3.98882 3.99876 3.96896 3.89971 3.79171 3.64602 3.46410 3.24775 2.99912 2.72069 2.41522 2.08574 1.73553 1.36808 0.98703 0.59617 0.19938 -0.19938 -0.59617 -0.98703 -1.36808 -1.73553 -2.08574 -2.41522 -2.72069 -2.99912 -3.24775 -3.46410 -3.64602 -3.79171 -3.89971 -3.96896 -3.99876 -3.98882 -3.93923 -3.85050 -3.72349 -3.55949 -3.36010 -3.12733 -2.86347 -2.57115 -2.25328 -1.91302 -1.55374 -1.17902 -0.79258 -0.39827 -0.00000 4.00000 3.98012 3.92069 3.82229 3.68590 3.51289 3.30496 3.06418 2.79295 2.49396 2.17019 1.82484 1.46136 1.08336 0.69459 0.29892 -0.09972 -0.49737 -0.89008 -1.27395 -1.64515 -2.00000 -2.33497 -2.64674 -2.93221 -3.18853 -3.41316 -3.60388 -3.75877 -3.87631 -3.95532 -3.99503 -3.99503 -3.95532 -3.87631 -3.75877 -3.60388 -3.41316 -3.18853 -2.93221 -2.64674 -2.33497 -2.00000 -1.64515 -1.27395 -0.89008 -0.49737 -0.09972 0.29892 0.69459 1.08336 1.46136 1.82484 2.17019 2.49396 2.79295 3.06418 3.30496 3.51289 3.68590 3.82229 3.92069 3.98012 4.00000 60.11661 60.11661 60.11661 60.11661 60.11661 0.00000 0.00000 0.00000 0.00000 0.00000 0.00000 0.00000 0.00000 0.00000 0.00000 0.00000 0.00000 0.00000 0.00000 0.00000 0.00000 0.00000 0.00000 0.00000 0.00000 0.00000 0.00000 0.00000 0.00000 0.00000 0.00000 0.00000 0.00000 0.00000 0.00000 0.00000 0.00000 0.00000 0.00000 0.00000 0.00000 0.00000 0.00000 0.00000 0.00000 0.00000 0.00000 0.00000 0.00000 0.00000 0.00000 0.00000 0.00000 0.00000 0.00000 0.00000 0.00000 0.00000 0.00000 0.00000 0.00000 0.00000 0.00000 0.00000
ABCD double 1 4 0.00000 0.00000 1.00000 60.11661
angles double 1 3 0.00000 0.00000 0.00000
position double 1 3 0.00000 0.00000 60.11661
apertureType double 1 1 2.00000
apertureData double 1 2 0.00000 4.00000

invTBN double 3 3 1.00000 0.00000 0.00000 0.00000 1.00000 0.00000 0.00000 0.00000 1.00000
TBN double 3 3 1.00000 0.00000 0.00000 0.00000 1.00000 0.00000 0.00000 0.00000 1.00000

extraDataType char sphere
extraData Struct {
surfaceMesh double 3 130 0.00000 0.00000 0.00000 -0.00000 0.00000 0.00000 0.00000 0.00000 0.00000 0.00000 0.00000 0.00000 -0.07120 -0.65132 -1.20516 -1.72664 -2.20960 -2.64800 -3.03568 -3.36656 -3.63452 -3.83348 -3.95736 -4.00000 -4.00000 -3.63636 -3.27272 -2.90908 -2.54544 -2.18180 -1.81820 -1.45456 -1.09092 -0.72728 -0.36364 0.00000 0.26747 0.35462 0.27949 0.06010 -0.28550 -0.73928 -1.28324 -1.89932 -2.56948 -3.27572 -4.00000 -4.00000 -3.95736 -3.83348 -3.63452 -3.36656 -3.03568 -2.64800 -2.20960 -1.72664 -1.20516 -0.65132 -0.07120 0.00000 0.00000 0.00000 -0.00000 0.00000 0.00000 0.00000 0.00000 0.00000 0.00000 0.00000 0.00000 0.00000 0.00000 0.00000 0.00000 0.00000 0.00000 0.00000 0.00000 0.00000 0.00000 0.00000 0.07120 0.65132 1.20516 1.72664 2.20960 2.64800 3.03568 3.36656 3.63452 3.83348 3.95736 4.00000 4.00000 3.63636 3.27272 2.90908 2.54544 2.18180 1.81820 1.45456 1.09092 0.72728 0.36364 0.00000 -0.26747 -0.35462 -0.27949 -0.06010 0.28550 0.73928 1.28324 1.89932 2.56948 3.27572 4.00000 4.00000 3.95736 3.83348 3.63452 3.36656 3.03568 2.64800 2.20960 1.72664 1.20516 0.65132 0.07120 0.03152 0.00004 0.36367 0.72732 1.09092 1.45456 1.81820 2.18184 2.54548 2.90912 3.27272 3.63636 4.00000 4.00000 3.95736 3.83348 3.63452 3.36656 3.03568 2.64800 2.20960 1.72664 1.20516 0.65132 0.07120 0.00000 0.00000 0.00001 0.00001 0.00001 0.00002 0.00002 0.00002 0.00003 0.00003 0.00004 0.00004 0.00004 0.00004 0.00004 0.00004 0.00004 0.00003 0.00003 0.00002 0.00001 0.00001 0.00000 -0.07120 -0.65132 -1.20516 -1.72664 -2.20960 -2.64800 -3.03568 -3.36656 -3.63452 -3.83348 -3.95736 -4.00000 -4.00000 -3.63636 -3.27272 -2.90908 -2.54544 -2.18180 -1.81816 -1.45452 -1.09088 -0.72724 -0.36360 0.00004 0.26751 0.35466 0.27953 0.06014 -0.28546 -0.73928 -1.28320 -1.89932 -2.56948 -3.27572 -4.00000 -4.00000 -3.95736 -3.83348 -3.63452 -3.36656 -3.03568 -2.64800 -2.20960 -1.72664 -1.20516 -0.65132 -0.07120 -0.00008 -0.00007 -0.00006 -0.00005 -0.00004 -0.00002 -0.00001 -0.00000 0.00001 0.00002 0.00003 0.00004 0.00005 0.00006 0.00006 0.00007 0.00007 0.00007 0.00008 0.00008 0.00008 0.00008 0.00008 0.07120 0.65132 1.20516 1.72664 2.20960 2.64800 3.03568 3.36656 3.63452 3.83348 3.95736 4.00000 4.00000 0.00000 0.00000 0.00000 0.00000 0.00000 0.00000 0.00000 0.00000 0.00000 0.00000 0.00000 0.00000 0.00000 0.00000 0.00000 0.00000 0.00000 0.00000 0.00000 0.00000 0.00000 0.00000 0.00000 0.00000 0.00000 0.00000 0.00000 0.00000 0.00000 0.00000 0.00000 0.00000 0.00000 0.00000 0.00000 0.00000 0.00000 0.00000 0.00000 0.00000 0.00000 0.00000 0.00000 0.00000 0.00000 0.00000 0.00000 0.00000 0.00000 0.00000 0.00000 0.00000 0.00000 0.00000 0.00000 0.00000 0.00000 0.00000 0.00000 0.00000 0.00000 0.00000 0.00000 0.00000 0.00000 0.00000 0.00000 0.00000 0.00000 0.00000 0.00000 0.00000 0.00000 0.00000 0.00000 0.00000 0.00000 0.00000 0.00000 0.00000 0.00000 0.00000 0.00000 0.00000 0.00000 0.00000 0.00000 0.00000 0.00000 0.00000 0.00000 0.00000 0.00000 0.00000 0.00000 0.00000 0.00000 0.00000 0.00000 0.00000 0.00000 0.00000 0.00000 0.00000 0.00000 0.00000 0.00000 0.00000 0.00000 0.00000 0.00000 0.00000 0.00000 0.00000 0.00000 0.00000 0.00000 0.00000 0.00000 0.00000 0.00000 0.00000 0.00000 0.00000 0.00000 0.00000 0.00000 0.00000 0.00000 0.00000
R double 1 1 10000000000.00000
A double 1 1 10000000000.00000
B double 1 1 10000000000.00000
C double 1 1 10000000000.00000
refractionIndex double 1 1 1.00000
surfaceMatrix double 4 4 0.00000 0.00000 0.00000 0.00000 0.00000 0.00000 0.00000 0.00000 0.00000 0.00000 0.00000 0.00000 0.00000 0.00000 0.00000 -1.00000
}
rotationMatrix double 4 4 1.00000 0.00000 0.00000 0.00000 0.00000 1.00000 0.00000 0.00000 0.00000 0.00000 1.00000 0.00000 0.00000 0.00000 0.00000 1.00000
type char surface
}
backSurface Struct {
XYZ double 3 64 0.00000 0.39827 0.79258 1.17902 1.55374 1.91302 2.25328 2.57115 2.86347 3.12733 3.36010 3.55949 3.72349 3.85050 3.93923 3.98882 3.99876 3.96896 3.89971 3.79171 3.64602 3.46410 3.24775 2.99912 2.72069 2.41522 2.08574 1.73553 1.36808 0.98703 0.59617 0.19938 -0.19938 -0.59617 -0.98703 -1.36808 -1.73553 -2.08574 -2.41522 -2.72069 -2.99912 -3.24775 -3.46410 -3.64602 -3.79171 -3.89971 -3.96896 -3.99876 -3.98882 -3.93923 -3.85050 -3.72349 -3.55949 -3.36010 -3.12733 -2.86347 -2.57115 -2.25328 -1.91302 -1.55374 -1.17902 -0.79258 -0.39827 -0.00000 4.00000 3.98012 3.92069 3.82229 3.68590 3.51289 3.30496 3.06418 2.79295 2.49396 2.17019 1.82484 1.46136 1.08336 0.69459 0.29892 -0.09972 -0.49737 -0.89008 -1.27395 -1.64515 -2.00000 -2.33497 -2.64674 -2.93221 -3.18853 -3.41316 -3.60388 -3.75877 -3.87631 -3.95532 -3.99503 -3.99503 -3.95532 -3.87631 -3.75877 -3.60388 -3.41316 -3.18853 -2.93221 -2.64674 -2.33497 -2.00000 -1.64515 -1.27395 -0.89008 -0.49737 -0.09972 0.29892 0.69459 1.08336 1.46136 1.82484 2.17019 2.49396 2.79295 3.06418 3.30496 3.51289 3.68590 3.82229 3.92069 3.98012 4.00000 60.11661 60.11661 60.11661 60.11661 60.11661 0.00000 0.00000 0.00000 0.00000 0.00000 0.00000 0.00000 0.00000 0.00000 0.00000 0.00000 0.00000 0.00000 0.00000 0.00000 0.00000 0.00000 0.00000 0.00000 0.00000 0.00000 0.00000 0.00000 0.00000 0.00000 0.00000 0.00000 0.00000 0.00000 0.00000 0.00000 0.00000 0.00000 0.00000 0.00000 0.00000 0.00000 0.00000 0.00000 0.00000 0.00000 0.00000 0.00000 0.00000 0.00000 0.00000 0.00000 0.00000 0.00000 0.00000 0.00000 0.00000 0.00000 0.00000 0.00000 0.00000 0.00000 0.00000 0.00000
ABCD double 1 4 0.00000 0.00000 1.00000 60.11661
angles double 1 3 0.00000 0.00000 0.00000
position double 1 3 0.00000 0.00000 60.11661
apertureType double 1 1 2.00000
apertureData double 1 2 0.00000 4.00000

invTBN double 3 3 1.00000 0.00000 0.00000 0.00000 1.00000 0.00000 0.00000 0.00000 1.00000
TBN double 3 3 1.00000 0.00000 0.00000 0.00000 1.00000 0.00000 0.00000 0.00000 1.00000

extraDataType char sphere
extraData Struct {
surfaceMesh double 3 130 0.00000 0.00000 0.00000 -0.00000 0.00000 0.00000 0.00000 0.00000 0.00000 0.00000 0.00000 0.00000 -0.07120 -0.65132 -1.20516 -1.72664 -2.20960 -2.64800 -3.03568 -3.36656 -3.63452 -3.83348 -3.95736 -4.00000 -4.00000 -3.63636 -3.27272 -2.90908 -2.54544 -2.18180 -1.81820 -1.45456 -1.09092 -0.72728 -0.36364 0.00000 0.26747 0.35462 0.27949 0.06010 -0.28550 -0.73928 -1.28324 -1.89932 -2.56948 -3.27572 -4.00000 -4.00000 -3.95736 -3.83348 -3.63452 -3.36656 -3.03568 -2.64800 -2.20960 -1.72664 -1.20516 -0.65132 -0.07120 0.00000 0.00000 0.00000 -0.00000 0.00000 0.00000 0.00000 0.00000 0.00000 0.00000 0.00000 0.00000 0.00000 0.00000 0.00000 0.00000 0.00000 0.00000 0.00000 0.00000 0.00000 0.00000 0.00000 0.07120 0.65132 1.20516 1.72664 2.20960 2.64800 3.03568 3.36656 3.63452 3.83348 3.95736 4.00000 4.00000 3.63636 3.27272 2.90908 2.54544 2.18180 1.81820 1.45456 1.09092 0.72728 0.36364 0.00000 -0.26747 -0.35462 -0.27949 -0.06010 0.28550 0.73928 1.28324 1.89932 2.56948 3.27572 4.00000 4.00000 3.95736 3.83348 3.63452 3.36656 3.03568 2.64800 2.20960 1.72664 1.20516 0.65132 0.07120 0.03152 0.00004 0.36367 0.72732 1.09092 1.45456 1.81820 2.18184 2.54548 2.90912 3.27272 3.63636 4.00000 4.00000 3.95736 3.83348 3.63452 3.36656 3.03568 2.64800 2.20960 1.72664 1.20516 0.65132 0.07120 0.00000 0.00000 0.00001 0.00001 0.00001 0.00002 0.00002 0.00002 0.00003 0.00003 0.00004 0.00004 0.00004 0.00004 0.00004 0.00004 0.00004 0.00003 0.00003 0.00002 0.00001 0.00001 0.00000 -0.07120 -0.65132 -1.20516 -1.72664 -2.20960 -2.64800 -3.03568 -3.36656 -3.63452 -3.83348 -3.95736 -4.00000 -4.00000 -3.63636 -3.27272 -2.90908 -2.54544 -2.18180 -1.81816 -1.45452 -1.09088 -0.72724 -0.36360 0.00004 0.26751 0.35466 0.27953 0.06014 -0.28546 -0.73928 -1.28320 -1.89932 -2.56948 -3.27572 -4.00000 -4.00000 -3.95736 -3.83348 -3.63452 -3.36656 -3.03568 -2.64800 -2.20960 -1.72664 -1.20516 -0.65132 -0.07120 -0.00008 -0.00007 -0.00006 -0.00005 -0.00004 -0.00002 -0.00001 -0.00000 0.00001 0.00002 0.00003 0.00004 0.00005 0.00006 0.00006 0.00007 0.00007 0.00007 0.00008 0.00008 0.00008 0.00008 0.00008 0.07120 0.65132 1.20516 1.72664 2.20960 2.64800 3.03568 3.36656 3.63452 3.83348 3.95736 4.00000 4.00000 0.00000 0.00000 0.00000 0.00000 0.00000 0.00000 0.00000 0.00000 0.00000 0.00000 0.00000 0.00000 0.00000 0.00000 0.00000 0.00000 0.00000 0.00000 0.00000 0.00000 0.00000 0.00000 0.00000 0.00000 0.00000 0.00000 0.00000 0.00000 0.00000 0.00000 0.00000 0.00000 0.00000 0.00000 0.00000 0.00000 0.00000 0.00000 0.00000 0.00000 0.00000 0.00000 0.00000 0.00000 0.00000 0.00000 0.00000 0.00000 0.00000 0.00000 0.00000 0.00000 0.00000 0.00000 0.00000 0.00000 0.00000 0.00000 0.00000 0.00000 0.00000 0.00000 0.00000 0.00000 0.00000 0.00000 0.00000 0.00000 0.00000 0.00000 0.00000 0.00000 0.00000 0.00000 0.00000 0.00000 0.00000 0.00000 0.00000 0.00000 0.00000 0.00000 0.00000 0.00000 0.00000 0.00000 0.00000 0.00000 0.00000 0.00000 0.00000 0.00000 0.00000 0.00000 0.00000 0.00000 0.00000 0.00000 0.00000 0.00000 0.00000 0.00000 0.00000 0.00000 0.00000 0.00000 0.00000 0.00000 0.00000 0.00000 0.00000 0.00000 0.00000 0.00000 0.00000 0.00000 0.00000 0.00000 0.00000 0.00000 0.00000 0.00000 0.00000 0.00000 0.00000 0.00000 0.00000 0.00000 0.00000 0.00000
R double 1 1 10000000000.00000
A double 1 1 10000000000.00000
B double 1 1 10000000000.00000
C double 1 1 10000000000.00000
refractionIndex double 1 1 1.00000
surfaceMatrix double 4 4 0.00000 0.00000 0.00000 0.00000 0.00000 0.00000 0.00000 0.00000 0.00000 0.00000 0.00000 0.00000 0.00000 0.00000 0.00000 -1.00000
}
rotationMatrix double 4 4 1.00000 0.00000 0.00000 0.00000 0.00000 1.00000 0.00000 0.00000 0.00000 0.00000 1.00000 0.00000 0.00000 0.00000 0.00000 1.00000
type char surface
}
tickness double 1 1 1.00000
apertureData double 1 1 4.00000
apertureType double 1 1 2.00000
material Struct {
Desciption char SK16
refractionIndexData double 1 6 1.34318 0.00705 0.24114 0.02290 0.99432 92.75085
}

type char lens
}
Struct {
frontSurface Struct {
XYZ double 3 64 0.00000 0.59741 1.18888 1.76853 2.33061 2.86952 3.37992 3.85673 4.29520 4.69099 5.04016 5.33923 5.58524 5.77575 5.90885 5.98322 5.99814 5.95344 5.84957 5.68756 5.46904 5.19615 4.87163 4.49869 4.08104 3.62283 3.12861 2.60330 2.05212 1.48054 0.89425 0.29908 -0.29908 -0.89425 -1.48054 -2.05212 -2.60330 -3.12861 -3.62283 -4.08104 -4.49869 -4.87163 -5.19615 -5.46904 -5.68756 -5.84957 -5.95344 -5.99814 -5.98322 -5.90885 -5.77575 -5.58524 -5.33923 -5.04016 -4.69099 -4.29520 -3.85673 -3.37992 -2.86952 -2.33061 -1.76853 -1.18888 -0.59741 -0.00000 6.00000 5.97018 5.88103 5.73344 5.52886 5.26933 4.95743 4.59627 4.18942 3.74094 3.25528 2.73726 2.19205 1.62504 1.04189 0.44838 -0.14958 -0.74606 -1.33513 -1.91092 -2.46772 -3.00000 -3.50246 -3.97012 -4.39831 -4.78280 -5.11975 -5.40581 -5.63816 -5.81446 -5.93298 -5.99254 -5.99254 -5.93298 -5.81446 -5.63816 -5.40581 -5.11975 -4.78280 -4.39831 -3.97012 -3.50246 -3.00000 -2.46772 -1.91092 -1.33513 -0.74606 -0.14958 0.44838 1.04189 1.62504 2.19205 2.73726 3.25528 3.74094 4.18942 4.59627 4.95743 5.26933 5.52886 5.73344 5.88103 5.97018 6.00000 104.27431 104.27431 104.27431 104.27431 104.27431 0.00000 0.00000 0.00000 0.00000 0.00000 0.00000 0.00000 0.00000 0.00000 0.00000 0.00000 0.00000 0.00000 0.00000 0.00000 0.00000 0.00000 0.00000 0.00000 0.00000 0.00000 0.00000 0.00000 0.00000 0.00000 0.00000 0.00000 0.00000 0.00000 0.00000 0.00000 0.00000 0.00000 0.00000 0.00000 0.00000 0.00000 0.00000 0.00000 0.00000 0.00000 0.00000 0.00000 0.00000 0.00000 0.00000 0.00000 0.00000 0.00000 0.00000 0.00000 0.00000 0.00000 0.00000 0.00000 0.00000 0.00000 0.00000 0.00000
ABCD double 1 4 0.00000 0.00000 1.00000 104.27431
angles double 1 3 0.00000 0.00000 0.00000
position double 1 3 0.00000 0.00000 104.27431
apertureType double 1 1 2.00000
apertureData double 1 2 0.00000 6.00000

invTBN double 3 3 1.00000 0.00000 0.00000 0.00000 1.00000 0.00000 0.00000 0.00000 1.00000
TBN double 3 3 1.00000 0.00000 0.00000 0.00000 1.00000 0.00000 0.00000 0.00000 1.00000

extraDataType char sphere
extraData Struct {
surfaceMesh double 3 130 0.00000 0.00000 0.00000 -0.00000 0.00000 0.00000 0.00000 0.00000 0.00000 0.00000 0.00000 0.00000 -0.10681 -0.97698 -1.80774 -2.58996 -3.31440 -3.97200 -4.55352 -5.04984 -5.45178 -5.75022 -5.93604 -6.00000 -6.00000 -5.45454 -4.90908 -4.36362 -3.81816 -3.27270 -2.72730 -2.18184 -1.63638 -1.09092 -0.54545 0.00000 0.40120 0.53193 0.41923 0.09016 -0.42825 -1.10892 -1.92486 -2.84898 -3.85422 -4.91358 -6.00000 -6.00000 -5.93604 -5.75022 -5.45178 -5.04984 -4.55352 -3.97200 -3.31440 -2.58996 -1.80774 -0.97698 -0.10680 0.00000 0.00000 0.00000 -0.00000 0.00000 0.00000 0.00000 0.00000 0.00000 0.00000 0.00000 0.00000 0.00000 0.00000 0.00000 0.00000 0.00000 0.00000 0.00000 0.00000 0.00000 0.00000 0.00000 0.10681 0.97698 1.80774 2.58996 3.31440 3.97200 4.55352 5.04984 5.45178 5.75022 5.93604 6.00000 6.00000 5.45454 4.90908 4.36362 3.81816 3.27270 2.72730 2.18184 1.63638 1.09092 0.54545 0.00000 -0.40120 -0.53193 -0.41923 -0.09016 0.42825 1.10892 1.92486 2.84898 3.85422 4.91358 6.00000 6.00000 5.93604 5.75022 5.45178 5.04984 4.55352 3.97200 3.31440 2.58996 1.80774 0.97698 0.10681 0.04728 0.00006 0.54551 1.09098 1.63638 2.18184 2.72730 3.27276 3.81822 4.36368 4.90908 5.45454 6.00000 6.00000 5.93604 5.75022 5.45178 5.04984 4.55352 3.97200 3.31440 2.58996 1.80774 0.97698 0.10680 0.00000 0.00001 0.00001 0.00002 0.00002 0.00003 0.00003 0.00004 0.00004 0.00005 0.00005 0.00006 0.00006 0.00006 0.00006 0.00006 0.00005 0.00005 0.00004 0.00003 0.00002 0.00001 0.00000 -0.10681 -0.97698 -1.80774 -2.58996 -3.31440 -3.97200 -4.55352 -5.04984 -5.45178 -5.75022 -5.93604 -6.00000 -6.00000 -5.45454 -4.90908 -4.36362 -3.81816 -3.27270 -2.72724 -2.18178 -1.63632 -1.09086 -0.54540 0.00006 0.40126 0.53200 0.41930 0.09022 -0.42820 -1.10892 -1.92480 -2.84898 -3.85422 -4.91358 -6.00000 -6.00000 -5.93604 -5.75022 -5.45178 -5.04984 -4.55352 -3.97200 -3.31440 -2.58996 -1.80774 -0.97698 -0.10680 -0.00012 -0.00010 -0.00009 -0.00007 -0.00005 -0.00004 -0.00002 -0.00001 0.00001 0.00003 0.00004 0.00006 0.00007 0.00009 0.00009 0.00010 0.00011 0.00011 0.00011 0.00012 0.00012 0.00012 0.00012 0.10681 0.97698 1.80774 2.58996 3.31440 3.97200 4.55352 5.04984 5.45178 5.75022 5.93604 6.00000 6.00000 0.00000 0.00809 0.03239 0.07295 0.12989 0.20336 0.29356 0.40075 0.52522 0.66734 0.82754 1.00634 1.00666 1.01183 1.01592 1.01870 1.02032 1.02105 1.02105 1.02032 1.01870 1.01592 1.01183 1.00666 1.00634 0.82754 0.66734 0.52521 0.40074 0.29355 0.20336 0.12989 0.07295 0.03239 0.00809 0.00000 0.00438 0.00769 0.00478 0.00022 0.00499 0.03346 0.10101 0.22202 0.40843 0.66858 1.00634 1.00666 1.01183 1.01592 1.01870 1.02032 1.02105 1.02105 1.02032 1.01870 1.01592 1.01183 1.00666 1.00634 0.82754 0.66734 0.52521 0.40074 0.29355 0.20335 0.12988 0.07294 0.03238 0.00809 0.00000 0.00438 0.00770 0.00478 0.00022 0.00499 0.03346 0.10101 0.22202 0.40843 0.66858 1.00634 1.00666 1.01183 1.01592 1.01870 1.02032 1.02105 1.02105 1.02032 1.01870 1.01592 1.01183 1.00666 1.00634 0.82754 0.66734 0.52521 0.40074 0.29355 0.20336 0.12989 0.07295 0.03239 0.00809 0.00000 0.00438 0.00769 0.00478 0.00022 0.00499 0.03346 0.10101 0.22202 0.40843 0.66858 1.00634 1.00666 1.01183 1.01592 1.01870 1.02032 1.02105 1.02105 1.02032 1.01870 1.01592 1.01183 1.00666 1.00640
R double 1 1 18.38984
A double 1 1 18.38984
B double 1 1 18.38984
C double 1 1 18.38984
refractionIndex double 1 1 1.00000
surfaceMatrix double 4 4 0.00296 0.00000 0.00000 0.00000 0.00000 0.00296 0.00000 0.00000 0.00000 0.00000 0.00296 0.00000 0.00000 0.00000 0.00000 -1.00000
}
rotationMatrix double 4 4 1.00000 0.00000 0.00000 0.00000 0.00000 1.00000 0.00000 0.00000 0.00000 0.00000 1.00000 0.00000 0.00000 0.00000 0.00000 1.00000
type char surface
}
backSurface Struct {
XYZ double 3 64 0.00000 0.59741 1.18888 1.76853 2.33061 2.86952 3.37992 3.85673 4.29520 4.69099 5.04016 5.33923 5.58524 5.77575 5.90885 5.98322 5.99814 5.95344 5.84957 5.68756 5.46904 5.19615 4.87163 4.49869 4.08104 3.62283 3.12861 2.60330 2.05212 1.48054 0.89425 0.29908 -0.29908 -0.89425 -1.48054 -2.05212 -2.60330 -3.12861 -3.62283 -4.08104 -4.49869 -4.87163 -5.19615 -5.46904 -5.68756 -5.84957 -5.95344 -5.99814 -5.98322 -5.90885 -5.77575 -5.58524 -5.33923 -5.04016 -4.69099 -4.29520 -3.85673 -3.37992 -2.86952 -2.33061 -1.76853 -1.18888 -0.59741 -0.00000 6.00000 5.97018 5.88103 5.73344 5.52886 5.26933 4.95743 4.59627 4.18942 3.74094 3.25528 2.73726 2.19205 1.62504 1.04189 0.44838 -0.14958 -0.74606 -1.33513 -1.91092 -2.46772 -3.00000 -3.50246 -3.97012 -4.39831 -4.78280 -5.11975 -5.40581 -5.63816 -5.81446 -5.93298 -5.99254 -5.99254 -5.93298 -5.81446 -5.63816 -5.40581 -5.11975 -4.78280 -4.39831 -3.97012 -3.50246 -3.00000 -2.46772 -1.91092 -1.33513 -0.74606 -0.14958 0.44838 1.04189 1.62504 2.19205 2.73726 3.25528 3.74094 4.18942 4.59627 4.95743 5.26933 5.52886 5.73344 5.88103 5.97018 6.00000 104.27431 104.27431 104.27431 104.27431 104.27431 0.00000 0.00000 0.00000 0.00000 0.00000 0.00000 0.00000 0.00000 0.00000 0.00000 0.00000 0.00000 0.00000 0.00000 0.00000 0.00000 0.00000 0.00000 0.00000 0.00000 0.00000 0.00000 0.00000 0.00000 0.00000 0.00000 0.00000 0.00000 0.00000 0.00000 0.00000 0.00000 0.00000 0.00000 0.00000 0.00000 0.00000 0.00000 0.00000 0.00000 0.00000 0.00000 0.00000 0.00000 0.00000 0.00000 0.00000 0.00000 0.00000 0.00000 0.00000 0.00000 0.00000 0.00000 0.00000 0.00000 0.00000 0.00000 0.00000
ABCD double 1 4 0.00000 0.00000 1.00000 104.27431
angles double 1 3 0.00000 0.00000 0.00000
position double 1 3 0.00000 0.00000 104.27431
apertureType double 1 1 2.00000
apertureData double 1 2 0.00000 6.00000

invTBN double 3 3 1.00000 0.00000 0.00000 0.00000 1.00000 0.00000 0.00000 0.00000 1.00000
TBN double 3 3 1.00000 0.00000 0.00000 0.00000 1.00000 0.00000 0.00000 0.00000 1.00000

extraDataType char sphere
extraData Struct {
surfaceMesh double 3 130 0.00000 0.00000 0.00000 -0.00000 0.00000 0.00000 0.00000 0.00000 0.00000 0.00000 0.00000 0.00000 -0.10681 -0.97698 -1.80774 -2.58996 -3.31440 -3.97200 -4.55352 -5.04984 -5.45178 -5.75022 -5.93604 -6.00000 -6.00000 -5.45454 -4.90908 -4.36362 -3.81816 -3.27270 -2.72730 -2.18184 -1.63638 -1.09092 -0.54545 0.00000 0.40120 0.53193 0.41923 0.09016 -0.42825 -1.10892 -1.92486 -2.84898 -3.85422 -4.91358 -6.00000 -6.00000 -5.93604 -5.75022 -5.45178 -5.04984 -4.55352 -3.97200 -3.31440 -2.58996 -1.80774 -0.97698 -0.10680 0.00000 0.00000 0.00000 -0.00000 0.00000 0.00000 0.00000 0.00000 0.00000 0.00000 0.00000 0.00000 0.00000 0.00000 0.00000 0.00000 0.00000 0.00000 0.00000 0.00000 0.00000 0.00000 0.00000 0.10681 0.97698 1.80774 2.58996 3.31440 3.97200 4.55352 5.04984 5.45178 5.75022 5.93604 6.00000 6.00000 5.45454 4.90908 4.36362 3.81816 3.27270 2.72730 2.18184 1.63638 1.09092 0.54545 0.00000 -0.40120 -0.53193 -0.41923 -0.09016 0.42825 1.10892 1.92486 2.84898 3.85422 4.91358 6.00000 6.00000 5.93604 5.75022 5.45178 5.04984 4.55352 3.97200 3.31440 2.58996 1.80774 0.97698 0.10681 0.04728 0.00006 0.54551 1.09098 1.63638 2.18184 2.72730 3.27276 3.81822 4.36368 4.90908 5.45454 6.00000 6.00000 5.93604 5.75022 5.45178 5.04984 4.55352 3.97200 3.31440 2.58996 1.80774 0.97698 0.10680 0.00000 0.00001 0.00001 0.00002 0.00002 0.00003 0.00003 0.00004 0.00004 0.00005 0.00005 0.00006 0.00006 0.00006 0.00006 0.00006 0.00005 0.00005 0.00004 0.00003 0.00002 0.00001 0.00000 -0.10681 -0.97698 -1.80774 -2.58996 -3.31440 -3.97200 -4.55352 -5.04984 -5.45178 -5.75022 -5.93604 -6.00000 -6.00000 -5.45454 -4.90908 -4.36362 -3.81816 -3.27270 -2.72724 -2.18178 -1.63632 -1.09086 -0.54540 0.00006 0.40126 0.53200 0.41930 0.09022 -0.42820 -1.10892 -1.92480 -2.84898 -3.85422 -4.91358 -6.00000 -6.00000 -5.93604 -5.75022 -5.45178 -5.04984 -4.55352 -3.97200 -3.31440 -2.58996 -1.80774 -0.97698 -0.10680 -0.00012 -0.00010 -0.00009 -0.00007 -0.00005 -0.00004 -0.00002 -0.00001 0.00001 0.00003 0.00004 0.00006 0.00007 0.00009 0.00009 0.00010 0.00011 0.00011 0.00011 0.00012 0.00012 0.00012 0.00012 0.10681 0.97698 1.80774 2.58996 3.31440 3.97200 4.55352 5.04984 5.45178 5.75022 5.93604 6.00000 6.00000 -0.00000 -0.00187 -0.00747 -0.01680 -0.02988 -0.04669 -0.06724 -0.09153 -0.11957 -0.15136 -0.18691 -0.22621 -0.22629 -0.22742 -0.22831 -0.22892 -0.22927 -0.22943 -0.22943 -0.22927 -0.22892 -0.22831 -0.22742 -0.22629 -0.22621 -0.18691 -0.15136 -0.11957 -0.09153 -0.06724 -0.04669 -0.02988 -0.01680 -0.00747 -0.00187 -0.00000 -0.00101 -0.00178 -0.00110 -0.00005 -0.00115 -0.00772 -0.02325 -0.05095 -0.09327 -0.15164 -0.22621 -0.22629 -0.22742 -0.22831 -0.22892 -0.22927 -0.22943 -0.22943 -0.22927 -0.22892 -0.22831 -0.22742 -0.22629 -0.22621 -0.18691 -0.15136 -0.11957 -0.09153 -0.06724 -0.04668 -0.02987 -0.01680 -0.00747 -0.00187 -0.00000 -0.00101 -0.00178 -0.00110 -0.00005 -0.00115 -0.00772 -0.02325 -0.05095 -0.09327 -0.15164 -0.22621 -0.22629 -0.22742 -0.22831 -0.22892 -0.22927 -0.22943 -0.22943 -0.22927 -0.22892 -0.22831 -0.22742 -0.22629 -0.22621 -0.18691 -0.15136 -0.11957 -0.09153 -0.06724 -0.04669 -0.02988 -0.01680 -0.00747 -0.00187 -0.00000 -0.00101 -0.00178 -0.00110 -0.00005 -0.00115 -0.00772 -0.02325 -0.05095 -0.09327 -0.15164 -0.22621 -0.22629 -0.22742 -0.22831 -0.22892 -0.22927 -0.22943 -0.22943 -0.22927 -0.22892 -0.22831 -0.22742 -0.22629 -0.22623
R double 1 1 -79.68360
A double 1 1 -79.68360
B double 1 1 -79.68360
C double 1 1 -79.68360
refractionIndex double 1 1 1.00000
surfaceMatrix double 4 4 0.00016 0.00000 0.00000 0.00000 0.00000 0.00016 0.00000 0.00000 0.00000 0.00000 0.00016 0.00000 0.00000 0.00000 0.00000 -1.00000
}
rotationMatrix double 4 4 1.00000 0.00000 0.00000 0.00000 0.00000 1.00000 0.00000 0.00000 0.00000 0.00000 1.00000 0.00000 0.00000 0.00000 0.00000 1.00000
type char surface
}
tickness double 1 1 2.95208
apertureData double 1 1 6.00000
apertureType double 1 1 2.00000
material Struct {
Desciption char SK16
refractionIndexData double 1 6 1.34318 0.00705 0.24114 0.02290 0.99432 92.75085
}

type char lens
}
Struct {
frontSurface Struct {
XYZ double 3 64 0.00000 0.99568 1.98146 2.94755 3.88435 4.78254 5.63320 6.42788 7.15867 7.81831 8.40026 8.89872 9.30874 9.62624 9.84808 9.97204 9.99689 9.92239 9.74928 9.47927 9.11506 8.66025 8.11938 7.49781 6.80173 6.03804 5.21435 4.33884 3.42020 2.46757 1.49042 0.49846 -0.49846 -1.49042 -2.46757 -3.42020 -4.33884 -5.21435 -6.03804 -6.80173 -7.49781 -8.11938 -8.66025 -9.11506 -9.47927 -9.74928 -9.92239 -9.99689 -9.97204 -9.84808 -9.62624 -9.30874 -8.89872 -8.40026 -7.81831 -7.15867 -6.42788 -5.63320 -4.78254 -3.88435 -2.94755 -1.98146 -0.99568 -0.00000 10.00000 9.95031 9.80172 9.55573 9.21476 8.78222 8.26239 7.66044 6.98237 6.23490 5.42546 4.56211 3.65341 2.70840 1.73648 0.74730 -0.24931 -1.24344 -2.22521 -3.18487 -4.11287 -5.00000 -5.83744 -6.61686 -7.33052 -7.97133 -8.53291 -9.00969 -9.39693 -9.69077 -9.88831 -9.98757 -9.98757 -9.88831 -9.69077 -9.39693 -9.00969 -8.53291 -7.97133 -7.33052 -6.61686 -5.83744 -5.00000 -4.11287 -3.18487 -2.22521 -1.24344 -0.24931 0.74730 1.73648 2.70840 3.65341 4.56211 5.42546 6.23490 6.98237 7.66044 8.26239 8.78222 9.21476 9.55573 9.80172 9.95031 10.00000 111.97680 111.97680 111.97680 111.97680 111.97680 0.00000 0.00000 0.00000 0.00000 0.00000 0.00000 0.00000 0.00000 0.00000 0.00000 0.00000 0.00000 0.00000 0.00000 0.00000 0.00000 0.00000 0.00000 0.00000 0.00000 0.00000 0.00000 0.00000 0.00000 0.00000 0.00000 0.00000 0.00000 0.00000 0.00000 0.00000 0.00000 0.00000 0.00000 0.00000 0.00000 0.00000 0.00000 0.00000 0.00000 0.00000 0.00000 0.00000 0.00000 0.00000 0.00000 0.00000 0.00000 0.00000 0.00000 0.00000 0.00000 0.00000 0.00000 0.00000 0.00000 0.00000 0.00000 0.00000
ABCD double 1 4 0.00000 0.00000 1.00000 111.97680
angles double 1 3 0.00000 0.00000 0.00000
position double 1 3 0.00000 0.00000 111.97680
apertureType double 1 1 2.00000
apertureData double 1 2 0.00000 10.00000

invTBN double 3 3 1.00000 0.00000 0.00000 0.00000 1.00000 0.00000 0.00000 0.00000 1.00000
TBN double 3 3 1.00000 0.00000 0.00000 0.00000 1.00000 0.00000 0.00000 0.00000 1.00000

extraDataType char sphere
extraData Struct {
surfaceMesh double 3 130 0.00000 0.00000 0.00000 -0.00000 0.00000 0.00000 0.00000 0.00000 0.00000 0.00000 0.00000 0.00000 -0.17801 -1.62830 -3.01290 -4.31660 -5.52400 -6.62000 -7.58920 -8.41640 -9.08630 -9.58370 -9.89340 -10.00000 -10.00000 -9.09090 -8.18180 -7.27270 -6.36360 -5.45450 -4.54550 -3.63640 -2.72730 -1.81820 -0.90909 0.00000 0.66867 0.88655 0.69872 0.15026 -0.71375 -1.84820 -3.20810 -4.74830 -6.42370 -8.18930 -10.00000 -10.00000 -9.89340 -9.58370 -9.08630 -8.41640 -7.58920 -6.62000 -5.52400 -4.31660 -3.01290 -1.62830 -0.17800 0.00000 0.00000 0.00000 -0.00000 0.00000 0.00000 0.00000 0.00000 0.00000 0.00000 0.00000 0.00000 0.00000 0.00000 0.00000 0.00000 0.00000 0.00000 0.00000 0.00000 0.00000 0.00000 0.00000 0.17801 1.62830 3.01290 4.31660 5.52400 6.62000 7.58920 8.41640 9.08630 9.58370 9.89340 10.00000 10.00000 9.09090 8.18180 7.27270 6.36360 5.45450 4.54550 3.63640 2.72730 1.81820 0.90909 0.00000 -0.66867 -0.88655 -0.69872 -0.15026 0.71375 1.84820 3.20810 4.74830 6.42370 8.18930 10.00000 10.00000 9.89340 9.58370 9.08630 8.41640 7.58920 6.62000 5.52400 4.31660 3.01290 1.62830 0.17801 0.07880 0.00010 0.90918 1.81830 2.72730 3.63640 4.54550 5.45460 6.36370 7.27280 8.18180 9.09090 10.00000 10.00000 9.89340 9.58370 9.08630 8.41640 7.58920 6.62000 5.52400 4.31660 3.01290 1.62830 0.17800 0.00000 0.00001 0.00002 0.00003 0.00004 0.00004 0.00005 0.00006 0.00007 0.00008 0.00009 0.00010 0.00010 0.00011 0.00010 0.00010 0.00009 0.00008 0.00007 0.00005 0.00003 0.00002 0.00000 -0.17801 -1.62830 -3.01290 -4.31660 -5.52400 -6.62000 -7.58920 -8.41640 -9.08630 -9.58370 -9.89340 -10.00000 -10.00000 -9.09090 -8.18180 -7.27270 -6.36360 -5.45450 -4.54540 -3.63630 -2.72720 -1.81810 -0.90900 0.00010 0.66877 0.88666 0.69883 0.15036 -0.71366 -1.84820 -3.20800 -4.74830 -6.42370 -8.18930 -10.00000 -10.00000 -9.89340 -9.58370 -9.08630 -8.41640 -7.58920 -6.62000 -5.52400 -4.31660 -3.01290 -1.62830 -0.17800 -0.00020 -0.00017 -0.00014 -0.00012 -0.00009 -0.00006 -0.00004 -0.00001 0.00002 0.00004 0.00007 0.00010 0.00012 0.00014 0.00016 0.00017 0.00018 0.00019 0.00019 0.00019 0.00020 0.00020 0.00020 0.17801 1.62830 3.01290 4.31660 5.52400 6.62000 7.58920 8.41640 9.08630 9.58370 9.89340 10.00000 10.00000 -0.00000 -0.02038 -0.08163 -0.18411 -0.32849 -0.51566 -0.74686 -1.02367 -1.34810 -1.72259 -2.15032 -2.63514 -2.63603 -2.65017 -2.66135 -2.66898 -2.67342 -2.67540 -2.67540 -2.67342 -2.66898 -2.66135 -2.65017 -2.63603 -2.63514 -2.15032 -1.72259 -1.34806 -1.02364 -0.74683 -0.51566 -0.32849 -0.18411 -0.08162 -0.02037 -0.00000 -0.01102 -0.01938 -0.01203 -0.00056 -0.01256 -0.08434 -0.25520 -0.56337 -1.04359 -1.72589 -2.63514 -2.63603 -2.65017 -2.66135 -2.66898 -2.67342 -2.67540 -2.67540 -2.67342 -2.66898 -2.66135 -2.65017 -2.63603 -2.63514 -2.15032 -1.72259 -1.34806 -1.02364 -0.74683 -0.51564 -0.32847 -0.18410 -0.08161 -0.02037 -0.00000 -0.01102 -0.01938 -0.01204 -0.00056 -0.01255 -0.08434 -0.25518 -0.56337 -1.04359 -1.72589 -2.63514 -2.63603 -2.65017 -2.66135 -2.66898 -2.67342 -2.67540 -2.67540 -2.67342 -2.66898 -2.66135 -2.65017 -2.63603 -2.63514 -2.15032 -1.72259 -1.34806 -1.02364 -0.74683 -0.51566 -0.32849 -0.18411 -0.08162 -0.02037 -0.00000 -0.01102 -0.01938 -0.01203 -0.00056 -0.01256 -0.08434 -0.25520 -0.56337 -1.04359 -1.72589 -2.63514 -2.63603 -2.65017 -2.66135 -2.66898 -2.67342 -2.67540 -2.67540 -2.67342 -2.66898 -2.66135 -2.65017 -2.63603 -2.63531
R double 1 1 -20.29192
A double 1 1 -20.29192
B double 1 1 -20.29192
C double 1 1 -20.29192
refractionIndex double 1 1 1.00000
surfaceMatrix double 4 4 0.00243 0.00000 0.00000 0.00000 0.00000 0.00243 0.00000 0.00000 0.00000 0.00000 0.00243 0.00000 0.00000 0.00000 0.00000 -1.00000
}
rotationMatrix double 4 4 1.00000 0.00000 0.00000 0.00000 0.00000 1.00000 0.00000 0.00000 0.00000 0.00000 1.00000 0.00000 0.00000 0.00000 0.00000 1.00000
type char surface
}
backSurface Struct {
XYZ double 3 64 0.00000 0.99568 1.98146 2.94755 3.88435 4.78254 5.63320 6.42788 7.15867 7.81831 8.40026 8.89872 9.30874 9.62624 9.84808 9.97204 9.99689 9.92239 9.74928 9.47927 9.11506 8.66025 8.11938 7.49781 6.80173 6.03804 5.21435 4.33884 3.42020 2.46757 1.49042 0.49846 -0.49846 -1.49042 -2.46757 -3.42020 -4.33884 -5.21435 -6.03804 -6.80173 -7.49781 -8.11938 -8.66025 -9.11506 -9.47927 -9.74928 -9.92239 -9.99689 -9.97204 -9.84808 -9.62624 -9.30874 -8.89872 -8.40026 -7.81831 -7.15867 -6.42788 -5.63320 -4.78254 -3.88435 -2.94755 -1.98146 -0.99568 -0.00000 10.00000 9.95031 9.80172 9.55573 9.21476 8.78222 8.26239 7.66044 6.98237 6.23490 5.42546 4.56211 3.65341 2.70840 1.73648 0.74730 -0.24931 -1.24344 -2.22521 -3.18487 -4.11287 -5.00000 -5.83744 -6.61686 -7.33052 -7.97133 -8.53291 -9.00969 -9.39693 -9.69077 -9.88831 -9.98757 -9.98757 -9.88831 -9.69077 -9.39693 -9.00969 -8.53291 -7.97133 -7.33052 -6.61686 -5.83744 -5.00000 -4.11287 -3.18487 -2.22521 -1.24344 -0.24931 0.74730 1.73648 2.70840 3.65341 4.56211 5.42546 6.23490 6.98237 7.66044 8.26239 8.78222 9.21476 9.55573 9.80172 9.95031 10.00000 111.97680 111.97680 111.97680 111.97680 111.97680 0.00000 0.00000 0.00000 0.00000 0.00000 0.00000 0.00000 0.00000 0.00000 0.00000 0.00000 0.00000 0.00000 0.00000 0.00000 0.00000 0.00000 0.00000 0.00000 0.00000 0.00000 0.00000 0.00000 0.00000 0.00000 0.00000 0.00000 0.00000 0.00000 0.00000 0.00000 0.00000 0.00000 0.00000 0.00000 0.00000 0.00000 0.00000 0.00000 0.00000 0.00000 0.00000 0.00000 0.00000 0.00000 0.00000 0.00000 0.00000 0.00000 0.00000 0.00000 0.00000 0.00000 0.00000 0.00000 0.00000 0.00000 0.00000 0.00000
ABCD double 1 4 0.00000 0.00000 1.00000 111.97680
angles double 1 3 0.00000 0.00000 0.00000
position double 1 3 0.00000 0.00000 111.97680
apertureType double 1 1 2.00000
apertureData double 1 2 0.00000 10.00000

invTBN double 3 3 1.00000 0.00000 0.00000 0.00000 1.00000 0.00000 0.00000 0.00000 1.00000
TBN double 3 3 1.00000 0.00000 0.00000 0.00000 1.00000 0.00000 0.00000 0.00000 1.00000

extraDataType char sphere
extraData Struct {
surfaceMesh double 3 130 0.00000 0.00000 0.00000 -0.00000 0.00000 0.00000 0.00000 0.00000 0.00000 0.00000 0.00000 0.00000 -0.17801 -1.62830 -3.01290 -4.31660 -5.52400 -6.62000 -7.58920 -8.41640 -9.08630 -9.58370 -9.89340 -10.00000 -10.00000 -9.09090 -8.18180 -7.27270 -6.36360 -5.45450 -4.54550 -3.63640 -2.72730 -1.81820 -0.90909 0.00000 0.66867 0.88655 0.69872 0.15026 -0.71375 -1.84820 -3.20810 -4.74830 -6.42370 -8.18930 -10.00000 -10.00000 -9.89340 -9.58370 -9.08630 -8.41640 -7.58920 -6.62000 -5.52400 -4.31660 -3.01290 -1.62830 -0.17800 0.00000 0.00000 0.00000 -0.00000 0.00000 0.00000 0.00000 0.00000 0.00000 0.00000 0.00000 0.00000 0.00000 0.00000 0.00000 0.00000 0.00000 0.00000 0.00000 0.00000 0.00000 0.00000 0.00000 0.17801 1.62830 3.01290 4.31660 5.52400 6.62000 7.58920 8.41640 9.08630 9.58370 9.89340 10.00000 10.00000 9.09090 8.18180 7.27270 6.36360 5.45450 4.54550 3.63640 2.72730 1.81820 0.90909 0.00000 -0.66867 -0.88655 -0.69872 -0.15026 0.71375 1.84820 3.20810 4.74830 6.42370 8.18930 10.00000 10.00000 9.89340 9.58370 9.08630 8.41640 7.58920 6.62000 5.52400 4.31660 3.01290 1.62830 0.17801 0.07880 0.00010 0.90918 1.81830 2.72730 3.63640 4.54550 5.45460 6.36370 7.27280 8.18180 9.09090 10.00000 10.00000 9.89340 9.58370 9.08630 8.41640 7.58920 6.62000 5.52400 4.31660 3.01290 1.62830 0.17800 0.00000 0.00001 0.00002 0.00003 0.00004 0.00004 0.00005 0.00006 0.00007 0.00008 0.00009 0.00010 0.00010 0.00011 0.00010 0.00010 0.00009 0.00008 0.00007 0.00005 0.00003 0.00002 0.00000 -0.17801 -1.62830 -3.01290 -4.31660 -5.52400 -6.62000 -7.58920 -8.41640 -9.08630 -9.58370 -9.89340 -10.00000 -10.00000 -9.09090 -8.18180 -7.27270 -6.36360 -5.45450 -4.54540 -3.63630 -2.72720 -1.81810 -0.90900 0.00010 0.66877 0.88666 0.69883 0.15036 -0.71366 -1.84820 -3.20800 -4.74830 -6.42370 -8.18930 -10.00000 -10.00000 -9.89340 -9.58370 -9.08630 -8.41640 -7.58920 -6.62000 -5.52400 -4.31660 -3.01290 -1.62830 -0.17800 -0.00020 -0.00017 -0.00014 -0.00012 -0.00009 -0.00006 -0.00004 -0.00001 0.00002 0.00004 0.00007 0.00010 0.00012 0.00014 0.00016 0.00017 0.00018 0.00019 0.00019 0.00019 0.00020 0.00020 0.00020 0.17801 1.62830 3.01290 4.31660 5.52400 6.62000 7.58920 8.41640 9.08630 9.58370 9.89340 10.00000 10.00000 0.00000 0.01861 0.07454 0.16806 0.29967 0.47005 0.68012 0.93105 1.22433 1.56170 1.94544 2.37822 2.37901 2.39160 2.40154 2.40833 2.41228 2.41405 2.41405 2.41228 2.40833 2.40154 2.39160 2.37901 2.37822 1.94544 1.56170 1.22429 0.93102 0.68009 0.47005 0.29967 0.16806 0.07454 0.01861 0.00000 0.01007 0.01770 0.01099 0.00051 0.01147 0.07702 0.23288 0.51343 0.94909 1.56467 2.37822 2.37901 2.39160 2.40154 2.40833 2.41228 2.41405 2.41405 2.41228 2.40833 2.40154 2.39160 2.37901 2.37822 1.94544 1.56170 1.22429 0.93102 0.68009 0.47002 0.29965 0.16805 0.07453 0.01861 0.00000 0.01007 0.01770 0.01100 0.00051 0.01147 0.07702 0.23287 0.51343 0.94909 1.56467 2.37822 2.37901 2.39160 2.40154 2.40833 2.41228 2.41405 2.41405 2.41228 2.40833 2.40154 2.39160 2.37901 2.37822 1.94544 1.56170 1.22429 0.93102 0.68009 0.47005 0.29967 0.16806 0.07454 0.01861 0.00000 0.01007 0.01770 0.01099 0.00051 0.01147 0.07702 0.23288 0.51343 0.94909 1.56467 2.37822 2.37901 2.39160 2.40154 2.40833 2.41228 2.41405 2.41405 2.41228 2.40833 2.40154 2.39160 2.37901 2.37837
R double 1 1 22.21328
A double 1 1 22.21328
B double 1 1 22.21328
C double 1 1 22.21328
refractionIndex double 1 1 1.00000
surfaceMatrix double 4 4 0.00203 0.00000 0.00000 0.00000 0.00000 0.00203 0.00000 0.00000 0.00000 0.00000 0.00203 0.00000 0.00000 0.00000 0.00000 -1.00000
}
rotationMatrix double 4 4 1.00000 0.00000 0.00000 0.00000 0.00000 1.00000 0.00000 0.00000 0.00000 0.00000 1.00000 0.00000 0.00000 0.00000 0.00000 1.00000
type char surface
}
tickness double 1 1 0.99997
apertureData double 1 1 10.00000
apertureType double 1 1 2.00000
material Struct {
Desciption char F2
refractionIndexData double 1 6 1.34533 0.00998 0.20907 0.04705 0.93736 111.88676
}

type char lens
}
Struct {
frontSurface Struct {
XYZ double 3 64 0.00000 0.99568 1.98146 2.94755 3.88435 4.78254 5.63320 6.42788 7.15867 7.81831 8.40026 8.89872 9.30874 9.62624 9.84808 9.97204 9.99689 9.92239 9.74928 9.47927 9.11506 8.66025 8.11938 7.49781 6.80173 6.03804 5.21435 4.33884 3.42020 2.46757 1.49042 0.49846 -0.49846 -1.49042 -2.46757 -3.42020 -4.33884 -5.21435 -6.03804 -6.80173 -7.49781 -8.11938 -8.66025 -9.11506 -9.47927 -9.74928 -9.92239 -9.99689 -9.97204 -9.84808 -9.62624 -9.30874 -8.89872 -8.40026 -7.81831 -7.15867 -6.42788 -5.63320 -4.78254 -3.88435 -2.94755 -1.98146 -0.99568 -0.00000 10.00000 9.95031 9.80172 9.55573 9.21476 8.78222 8.26239 7.66044 6.98237 6.23490 5.42546 4.56211 3.65341 2.70840 1.73648 0.74730 -0.24931 -1.24344 -2.22521 -3.18487 -4.11287 -5.00000 -5.83744 -6.61686 -7.33052 -7.97133 -8.53291 -9.00969 -9.39693 -9.69077 -9.88831 -9.98757 -9.98757 -9.88831 -9.69077 -9.39693 -9.00969 -8.53291 -7.97133 -7.33052 -6.61686 -5.83744 -5.00000 -4.11287 -3.18487 -2.22521 -1.24344 -0.24931 0.74730 1.73648 2.70840 3.65341 4.56211 5.42546 6.23490 6.98237 7.66044 8.26239 8.78222 9.21476 9.55573 9.80172 9.95031 10.00000 118.98432 118.98432 118.98432 118.98432 118.98432 0.00000 0.00000 0.00000 0.00000 0.00000 0.00000 0.00000 0.00000 0.00000 0.00000 0.00000 0.00000 0.00000 0.00000 0.00000 0.00000 0.00000 0.00000 0.00000 0.00000 0.00000 0.00000 0.00000 0.00000 0.00000 0.00000 0.00000 0.00000 0.00000 0.00000 0.00000 0.00000 0.00000 0.00000 0.00000 0.00000 0.00000 0.00000 0.00000 0.00000 0.00000 0.00000 0.00000 0.00000 0.00000 0.00000 0.00000 0.00000 0.00000 0.00000 0.00000 0.00000 0.00000 0.00000 0.00000 0.00000 0.00000 0.00000 0.00000
ABCD double 1 4 0.00000 0.00000 1.00000 118.98432
angles double 1 3 0.00000 0.00000 0.00000
position double 1 3 0.00000 0.00000 118.98432
apertureType double 1 1 2.00000
apertureData double 1 2 0.00000 10.00000

invTBN double 3 3 1.00000 0.00000 0.00000 0.00000 1.00000 0.00000 0.00000 0.00000 1.00000
TBN double 3 3 1.00000 0.00000 0.00000 0.00000 1.00000 0.00000 0.00000 0.00000 1.00000

extraDataType char sphere
extraData Struct {
surfaceMesh double 3 130 0.00000 0.00000 0.00000 -0.00000 0.00000 0.00000 0.00000 0.00000 0.00000 0.00000 0.00000 0.00000 -0.17801 -1.62830 -3.01290 -4.31660 -5.52400 -6.62000 -7.58920 -8.41640 -9.08630 -9.58370 -9.89340 -10.00000 -10.00000 -9.09090 -8.18180 -7.27270 -6.36360 -5.45450 -4.54550 -3.63640 -2.72730 -1.81820 -0.90909 0.00000 0.66867 0.88655 0.69872 0.15026 -0.71375 -1.84820 -3.20810 -4.74830 -6.42370 -8.18930 -10.00000 -10.00000 -9.89340 -9.58370 -9.08630 -8.41640 -7.58920 -6.62000 -5.52400 -4.31660 -3.01290 -1.62830 -0.17800 0.00000 0.00000 0.00000 -0.00000 0.00000 0.00000 0.00000 0.00000 0.00000 0.00000 0.00000 0.00000 0.00000 0.00000 0.00000 0.00000 0.00000 0.00000 0.00000 0.00000 0.00000 0.00000 0.00000 0.17801 1.62830 3.01290 4.31660 5.52400 6.62000 7.58920 8.41640 9.08630 9.58370 9.89340 10.00000 10.00000 9.09090 8.18180 7.27270 6.36360 5.45450 4.54550 3.63640 2.72730 1.81820 0.90909 0.00000 -0.66867 -0.88655 -0.69872 -0.15026 0.71375 1.84820 3.20810 4.74830 6.42370 8.18930 10.00000 10.00000 9.89340 9.58370 9.08630 8.41640 7.58920 6.62000 5.52400 4.31660 3.01290 1.62830 0.17801 0.07880 0.00010 0.90918 1.81830 2.72730 3.63640 4.54550 5.45460 6.36370 7.27280 8.18180 9.09090 10.00000 10.00000 9.89340 9.58370 9.08630 8.41640 7.58920 6.62000 5.52400 4.31660 3.01290 1.62830 0.17800 0.00000 0.00001 0.00002 0.00003 0.00004 0.00004 0.00005 0.00006 0.00007 0.00008 0.00009 0.00010 0.00010 0.00011 0.00010 0.00010 0.00009 0.00008 0.00007 0.00005 0.00003 0.00002 0.00000 -0.17801 -1.62830 -3.01290 -4.31660 -5.52400 -6.62000 -7.58920 -8.41640 -9.08630 -9.58370 -9.89340 -10.00000 -10.00000 -9.09090 -8.18180 -7.27270 -6.36360 -5.45450 -4.54540 -3.63630 -2.72720 -1.81810 -0.90900 0.00010 0.66877 0.88666 0.69883 0.15036 -0.71366 -1.84820 -3.20800 -4.74830 -6.42370 -8.18930 -10.00000 -10.00000 -9.89340 -9.58370 -9.08630 -8.41640 -7.58920 -6.62000 -5.52400 -4.31660 -3.01290 -1.62830 -0.17800 -0.00020 -0.00017 -0.00014 -0.00012 -0.00009 -0.00006 -0.00004 -0.00001 0.00002 0.00004 0.00007 0.00010 0.00012 0.00014 0.00016 0.00017 0.00018 0.00019 0.00019 0.00019 0.00020 0.00020 0.00020 0.17801 1.62830 3.01290 4.31660 5.52400 6.62000 7.58920 8.41640 9.08630 9.58370 9.89340 10.00000 10.00000 0.00000 0.00095 0.00379 0.00853 0.01517 0.02371 0.03414 0.04647 0.06070 0.07682 0.09484 0.11476 0.11479 0.11537 0.11582 0.11613 0.11631 0.11639 0.11639 0.11631 0.11613 0.11582 0.11537 0.11479 0.11476 0.09484 0.07682 0.06069 0.04647 0.03414 0.02371 0.01517 0.00853 0.00379 0.00095 0.00000 0.00051 0.00090 0.00056 0.00003 0.00058 0.00392 0.01181 0.02587 0.04735 0.07696 0.11476 0.11479 0.11537 0.11582 0.11613 0.11631 0.11639 0.11639 0.11631 0.11613 0.11582 0.11537 0.11479 0.11476 0.09484 0.07682 0.06069 0.04647 0.03414 0.02371 0.01517 0.00853 0.00379 0.00095 0.00000 0.00051 0.00090 0.00056 0.00003 0.00058 0.00392 0.01181 0.02587 0.04735 0.07696 0.11476 0.11479 0.11537 0.11582 0.11613 0.11631 0.11639 0.11639 0.11631 0.11613 0.11582 0.11537 0.11479 0.11476 0.09484 0.07682 0.06069 0.04647 0.03414 0.02371 0.01517 0.00853 0.00379 0.00095 0.00000 0.00051 0.00090 0.00056 0.00003 0.00058 0.00392 0.01181 0.02587 0.04735 0.07696 0.11476 0.11479 0.11537 0.11582 0.11613 0.11631 0.11639 0.11639 0.11631 0.11613 0.11582 0.11537 0.11479 0.11476
R double 1 1 435.76044
A double 1 1 435.76044
B double 1 1 435.76044
C double 1 1 435.76044
refractionIndex double 1 1 1.00000
surfaceMatrix double 4 4 0.00001 0.00000 0.00000 0.00000 0.00000 0.00001 0.00000 0.00000 0.00000 0.00000 0.00001 0.00000 0.00000 0.00000 0.00000 -1.00000
}
rotationMatrix double 4 4 1.00000 0.00000 0.00000 0.00000 0.00000 1.00000 0.00000 0.00000 0.00000 0.00000 1.00000 0.00000 0.00000 0.00000 0.00000 1.00000
type char surface
}
backSurface Struct {
XYZ double 3 64 0.00000 0.99568 1.98146 2.94755 3.88435 4.78254 5.63320 6.42788 7.15867 7.81831 8.40026 8.89872 9.30874 9.62624 9.84808 9.97204 9.99689 9.92239 9.74928 9.47927 9.11506 8.66025 8.11938 7.49781 6.80173 6.03804 5.21435 4.33884 3.42020 2.46757 1.49042 0.49846 -0.49846 -1.49042 -2.46757 -3.42020 -4.33884 -5.21435 -6.03804 -6.80173 -7.49781 -8.11938 -8.66025 -9.11506 -9.47927 -9.74928 -9.92239 -9.99689 -9.97204 -9.84808 -9.62624 -9.30874 -8.89872 -8.40026 -7.81831 -7.15867 -6.42788 -5.63320 -4.78254 -3.88435 -2.94755 -1.98146 -0.99568 -0.00000 10.00000 9.95031 9.80172 9.55573 9.21476 8.78222 8.26239 7.66044 6.98237 6.23490 5.42546 4.56211 3.65341 2.70840 1.73648 0.74730 -0.24931 -1.24344 -2.22521 -3.18487 -4.11287 -5.00000 -5.83744 -6.61686 -7.33052 -7.97133 -8.53291 -9.00969 -9.39693 -9.69077 -9.88831 -9.98757 -9.98757 -9.88831 -9.69077 -9.39693 -9.00969 -8.53291 -7.97133 -7.33052 -6.61686 -5.83744 -5.00000 -4.11287 -3.18487 -2.22521 -1.24344 -0.24931 0.74730 1.73648 2.70840 3.65341 4.56211 5.42546 6.23490 6.98237 7.66044 8.26239 8.78222 9.21476 9.55573 9.80172 9.95031 10.00000 118.98432 118.98432 118.98432 118.98432 118.98432 0.00000 0.00000 0.00000 0.00000 0.00000 0.00000 0.00000 0.00000 0.00000 0.00000 0.00000 0.00000 0.00000 0.00000 0.00000 0.00000 0.00000 0.00000 0.00000 0.00000 0.00000 0.00000 0.00000 0.00000 0.00000 0.00000 0.00000 0.00000 0.00000 0.00000 0.00000 0.00000 0.00000 0.00000 0.00000 0.00000 0.00000 0.00000 0.00000 0.00000 0.00000 0.00000 0.00000 0.00000 0.00000 0.00000 0.00000 0.00000 0.00000 0.00000 0.00000 0.00000 0.00000 0.00000 0.00000 0.00000 0.00000 0.00000 0.00000
ABCD double 1 4 0.00000 0.00000 1.00000 118.98432
angles double 1 3 0.00000 0.00000 0.00000
position double 1 3 0.00000 0.00000 118.98432
apertureType double 1 1 2.00000
apertureData double 1 2 0.00000 10.00000

invTBN double 3 3 1.00000 0.00000 0.00000 0.00000 1.00000 0.00000 0.00000 0.00000 1.00000
TBN double 3 3 1.00000 0.00000 0.00000 0.00000 1.00000 0.00000 0.00000 0.00000 1.00000

extraDataType char sphere
extraData Struct {
surfaceMesh double 3 130 0.00000 0.00000 0.00000 -0.00000 0.00000 0.00000 0.00000 0.00000 0.00000 0.00000 0.00000 0.00000 -0.17801 -1.62830 -3.01290 -4.31660 -5.52400 -6.62000 -7.58920 -8.41640 -9.08630 -9.58370 -9.89340 -10.00000 -10.00000 -9.09090 -8.18180 -7.27270 -6.36360 -5.45450 -4.54550 -3.63640 -2.72730 -1.81820 -0.90909 0.00000 0.66867 0.88655 0.69872 0.15026 -0.71375 -1.84820 -3.20810 -4.74830 -6.42370 -8.18930 -10.00000 -10.00000 -9.89340 -9.58370 -9.08630 -8.41640 -7.58920 -6.62000 -5.52400 -4.31660 -3.01290 -1.62830 -0.17800 0.00000 0.00000 0.00000 -0.00000 0.00000 0.00000 0.00000 0.00000 0.00000 0.00000 0.00000 0.00000 0.00000 0.00000 0.00000 0.00000 0.00000 0.00000 0.00000 0.00000 0.00000 0.00000 0.00000 0.17801 1.62830 3.01290 4.31660 5.52400 6.62000 7.58920 8.41640 9.08630 9.58370 9.89340 10.00000 10.00000 9.09090 8.18180 7.27270 6.36360 5.45450 4.54550 3.63640 2.72730 1.81820 0.90909 0.00000 -0.66867 -0.88655 -0.69872 -0.15026 0.71375 1.84820 3.20810 4.74830 6.42370 8.18930 10.00000 10.00000 9.89340 9.58370 9.08630 8.41640 7.58920 6.62000 5.52400 4.31660 3.01290 1.62830 0.17801 0.07880 0.00010 0.90918 1.81830 2.72730 3.63640 4.54550 5.45460 6.36370 7.27280 8.18180 9.09090 10.00000 10.00000 9.89340 9.58370 9.08630 8.41640 7.58920 6.62000 5.52400 4.31660 3.01290 1.62830 0.17800 0.00000 0.00001 0.00002 0.00003 0.00004 0.00004 0.00005 0.00006 0.00007 0.00008 0.00009 0.00010 0.00010 0.00011 0.00010 0.00010 0.00009 0.00008 0.00007 0.00005 0.00003 0.00002 0.00000 -0.17801 -1.62830 -3.01290 -4.31660 -5.52400 -6.62000 -7.58920 -8.41640 -9.08630 -9.58370 -9.89340 -10.00000 -10.00000 -9.09090 -8.18180 -7.27270 -6.36360 -5.45450 -4.54540 -3.63630 -2.72720 -1.81810 -0.90900 0.00010 0.66877 0.88666 0.69883 0.15036 -0.71366 -1.84820 -3.20800 -4.74830 -6.42370 -8.18930 -10.00000 -10.00000 -9.89340 -9.58370 -9.08630 -8.41640 -7.58920 -6.62000 -5.52400 -4.31660 -3.01290 -1.62830 -0.17800 -0.00020 -0.00017 -0.00014 -0.00012 -0.00009 -0.00006 -0.00004 -0.00001 0.00002 0.00004 0.00007 0.00010 0.00012 0.00014 0.00016 0.00017 0.00018 0.00019 0.00019 0.00019 0.00020 0.00020 0.00020 0.17801 1.62830 3.01290 4.31660 5.52400 6.62000 7.58920 8.41640 9.08630 9.58370 9.89340 10.00000 10.00000 -0.00000 -0.01878 -0.07522 -0.16960 -0.30242 -0.47440 -0.68648 -0.93987 -1.23609 -1.57695 -1.96481 -2.40242 -2.40322 -2.41595 -2.42601 -2.43288 -2.43687 -2.43866 -2.43866 -2.43687 -2.43288 -2.42601 -2.41595 -2.40322 -2.40242 -1.96481 -1.57695 -1.23605 -0.93984 -0.68646 -0.47440 -0.30242 -0.16960 -0.07522 -0.01878 -0.00000 -0.01016 -0.01786 -0.01109 -0.00051 -0.01157 -0.07772 -0.23502 -0.51820 -0.95809 -1.57995 -2.40242 -2.40322 -2.41595 -2.42601 -2.43288 -2.43687 -2.43866 -2.43866 -2.43687 -2.43288 -2.42601 -2.41595 -2.40322 -2.40242 -1.96481 -1.57695 -1.23605 -0.93984 -0.68646 -0.47438 -0.30241 -0.16959 -0.07521 -0.01878 -0.00000 -0.01016 -0.01786 -0.01110 -0.00051 -0.01157 -0.07772 -0.23500 -0.51820 -0.95809 -1.57995 -2.40242 -2.40322 -2.41595 -2.42601 -2.43288 -2.43687 -2.43866 -2.43866 -2.43687 -2.43288 -2.42601 -2.41595 -2.40322 -2.40242 -1.96481 -1.57695 -1.23605 -0.93984 -0.68646 -0.47440 -0.30242 -0.16960 -0.07522 -0.01878 -0.00000 -0.01016 -0.01786 -0.01109 -0.00051 -0.01157 -0.07772 -0.23502 -0.51820 -0.95809 -1.57995 -2.40242 -2.40322 -2.41595 -2.42601 -2.43288 -2.43687 -2.43866 -2.43866 -2.43687 -2.43288 -2.42601 -2.41595 -2.40322 -2.40257
R double 1 1 -22.01359
A double 1 1 -22.01359
B double 1 1 -22.01359
C double 1 1 -22.01359
refractionIndex double 1 1 1.00000
surfaceMatrix double 4 4 0.00206 0.00000 0.00000 0.00000 0.00000 0.00206 0.00000 0.00000 0.00000 0.00000 0.00206 0.00000 0.00000 0.00000 0.00000 -1.00000
}
rotationMatrix double 4 4 1.00000 0.00000 0.00000 0.00000 0.00000 1.00000 0.00000 0.00000 0.00000 0.00000 1.00000 0.00000 0.00000 0.00000 0.00000 1.00000
type char surface
}
tickness double 1 1 3.25890
apertureData double 1 1 10.00000
apertureType double 1 1 2.00000
material Struct {
Desciption char SK16
refractionIndexData double 1 6 1.34318 0.00705 0.24114 0.02290 0.99432 92.75085
}

type char lens
}
Struct {
XYZ double 3 5 -7.50000 7.50000 7.50000 -7.50000 -7.50000 7.50000 7.50000 -7.50000 -7.50000 7.50000 127.27431 127.27431 127.27431 127.27431 127.27431
ABCD double 1 4 0.00000 0.00000 1.00000 127.27431
angles double 1 3 0.00000 0.00000 0.00000
position double 1 3 0.00000 0.00000 127.27431
apertureType double 1 1 1.00000
apertureData double 1 3 15.00000 15.00000 0.00000

invTBN double 3 3 1.00000 0.00000 0.00000 0.00000 1.00000 0.00000 0.00000 0.00000 1.00000
TBN double 3 3 1.00000 0.00000 0.00000 0.00000 1.00000 0.00000 0.00000 0.00000 1.00000

extraDataType char 
extraData double 0 0
rotationMatrix double 4 4 1.00000 0.00000 0.00000 0.00000 0.00000 1.00000 0.00000 0.00000 0.00000 0.00000 1.00000 0.00000 0.00000 0.00000 0.00000 1.00000
type char surface
}
Struct {
XYZ double 3 5 -5.50000 5.50000 5.50000 -5.50000 -5.50000 5.50000 5.50000 -5.50000 -5.50000 5.50000 -42.15770 -42.15770 -42.15770 -42.15770 -42.15770
ABCD double 1 4 0.00000 0.00000 1.00000 -42.15770
angles double 1 3 0.00000 0.00000 0.00000
position double 1 3 0.00000 0.00000 -42.15770
apertureType double 1 1 1.00000
apertureData double 1 3 11.00000 11.00000 0.00000

invTBN double 3 3 1.00000 0.00000 0.00000 0.00000 1.00000 0.00000 0.00000 0.00000 1.00000
TBN double 3 3 1.00000 0.00000 0.00000 0.00000 1.00000 0.00000 0.00000 0.00000 1.00000

extraDataType char sphere
extraData Struct {
surfaceMesh double 3 150 0.00000 0.00000 0.00000 0.00000 0.00000 0.00000 0.00000 0.00000 0.00000 0.00000 0.00000 -1.22222 -2.44444 -3.66667 -4.88889 -6.11111 -7.33333 -8.55556 -9.77778 -11.00000 -11.00000 -11.00000 -11.00000 -11.00000 -11.00000 -11.00000 -11.00000 -11.00000 -11.00000 -11.00000 -11.00000 -9.77778 -8.55556 -7.33333 -6.11111 -4.88889 -3.66667 -2.44444 -1.22222 0.00000 0.00000 -1.22222 -2.44444 -3.66667 -4.88889 -6.11111 -7.33333 -8.55556 -9.77778 -11.00000 -11.00000 -11.00000 -11.00000 -11.00000 -11.00000 -11.00000 -11.00000 -11.00000 -11.00000 -11.00000 -11.00000 -9.77778 -8.55556 -7.33333 -6.11111 -4.88889 -3.66667 -2.44444 -1.22222 0.00000 0.00000 0.00000 0.00000 0.00000 0.00000 0.00000 0.00000 0.00000 0.00000 0.00000 0.00000 0.00000 0.00000 0.00000 0.00000 0.00000 0.00000 0.00000 0.00000 0.00000 0.00000 1.22222 2.44444 3.66667 4.88889 6.11111 7.33333 8.55556 9.77778 11.00000 11.00000 11.00000 11.00000 11.00000 11.00000 11.00000 11.00000 11.00000 11.00000 11.00000 11.00000 9.77778 8.55556 7.33333 6.11111 4.88889 3.66667 2.44444 1.22222 0.00000 0.00000 1.22222 2.44444 3.66667 4.88889 6.11111 7.33333 8.55556 9.77778 11.00000 11.00000 11.00000 11.00000 11.00000 11.00000 11.00000 11.00000 11.00000 11.00000 11.00000 11.00000 9.77778 8.55556 7.33333 6.11111 4.88889 3.66667 2.44444 1.22222 0.00000 0.00000 1.22222 2.44444 3.66667 4.88889 6.11111 7.33333 8.55556 9.77778 11.00000 11.00000 11.00000 11.00000 11.00000 11.00000 11.00000 11.00000 11.00000 11.00000 11.00000 11.00000 9.77778 8.55556 7.33333 6.11111 4.88889 3.66667 2.44444 1.22222 0.00000 0.00000 0.00000 0.00000 0.00000 0.00000 0.00000 0.00000 0.00000 0.00000 0.00000 0.00000 0.00000 0.00000 0.00000 0.00000 0.00000 0.00000 0.00000 0.00000 0.00000 0.00000 -1.22222 -2.44444 -3.66667 -4.88889 -6.11111 -7.33333 -8.55556 -9.77778 -11.00000 -11.00000 -11.00000 -11.00000 -11.00000 -11.00000 -11.00000 -11.00000 -11.00000 -11.00000 -11.00000 -11.00000 -9.77778 -8.55556 -7.33333 -6.11111 -4.88889 -3.66667 -2.44444 -1.22222 0.00000 0.00000 -1.22222 -2.44444 -3.66667 -4.88889 -6.11111 -7.33333 -8.55556 -9.77778 -11.00000 -11.00000 -11.00000 -11.00000 -11.00000 -11.00000 -11.00000 -11.00000 -11.00000 -11.00000 -11.00000 -11.00000 -9.77778 -8.55556 -7.33333 -6.11111 -4.88889 -3.66667 -2.44444 -1.22222 0.00000 0.00000 0.00000 0.00000 0.00000 0.00000 0.00000 0.00000 0.00000 0.00000 0.00000 0.00000 0.00000 0.00000 0.00000 0.00000 0.00000 0.00000 0.00000 0.00000 0.00000 0.00000 1.22222 2.44444 3.66667 4.88889 6.11111 7.33333 8.55556 9.77778 11.00000 11.00000 11.00000 11.00000 11.00000 11.00000 11.00000 11.00000 11.00000 11.00000 11.00000 0.00000 0.00000 0.00000 0.00000 0.00000 0.00000 0.00000 0.00000 0.00000 0.00000 0.00000 0.00000 0.00000 0.00000 0.00000 0.00000 0.00000 0.00000 0.00000 0.00000 0.00000 0.00000 0.00000 0.00000 0.00000 0.00000 0.00000 0.00000 0.00000 0.00000 0.00000 0.00000 0.00000 0.00000 0.00000 0.00000 0.00000 0.00000 0.00000 0.00000 0.00000 0.00000 0.00000 0.00000 0.00000 0.00000 0.00000 0.00000 0.00000 0.00000 0.00000 0.00000 0.00000 0.00000 0.00000 0.00000 0.00000 0.00000 0.00000 0.00000 0.00000 0.00000 0.00000 0.00000 0.00000 0.00000 0.00000 0.00000 0.00000 0.00000 0.00000 0.00000 0.00000 0.00000 0.00000 0.00000 0.00000 0.00000 0.00000 0.00000 0.00000 0.00000 0.00000 0.00000 0.00000 0.00000 0.00000 0.00000 0.00000 0.00000 0.00000 0.00000 0.00000 0.00000 0.00000 0.00000 0.00000 0.00000 0.00000 0.00000 0.00000 0.00000 0.00000 0.00000 0.00000 0.00000 0.00000 0.00000 0.00000 0.00000 0.00000 0.00000 0.00000 0.00000 0.00000 0.00000 0.00000 0.00000 0.00000 0.00000 0.00000 0.00000 0.00000 0.00000 0.00000 0.00000 0.00000 0.00000 0.00000 0.00000 0.00000 0.00000 0.00000 0.00000 0.00000 0.00000 0.00000 0.00000 0.00000 0.00000 0.00000 0.00000 0.00000 0.00000 0.00000 0.00000 0.00000 0.00000 0.00000 0.00000
R double 1 1 10000000000.00000
A double 1 1 10000000000.00000
B double 1 1 10000000000.00000
C double 1 1 10000000000.00000
refractionIndex double 1 1 1.00000
surfaceMatrix double 4 4 0.00000 0.00000 0.00000 0.00000 0.00000 0.00000 0.00000 0.00000 0.00000 0.00000 0.00000 0.00000 0.00000 0.00000 0.00000 -1.00000
}
rotationMatrix double 4 4 1.00000 0.00000 0.00000 0.00000 0.00000 1.00000 0.00000 0.00000 0.00000 0.00000 1.00000 0.00000 0.00000 0.00000 0.00000 1.00000
type char surface
}
Struct {
XYZ double 3 5 -4.00000 4.00000 4.00000 -4.00000 -4.00000 4.00000 4.00000 -4.00000 -4.00000 4.00000 61.11661 61.11661 61.11661 61.11661 61.11661
ABCD double 1 4 0.00000 0.00000 1.00000 61.11661
angles double 1 3 0.00000 0.00000 0.00000
position double 1 3 0.00000 0.00000 61.11661
apertureType double 1 1 1.00000
apertureData double 1 3 8.00000 8.00000 0.00000

invTBN double 3 3 1.00000 0.00000 0.00000 0.00000 1.00000 0.00000 0.00000 0.00000 1.00000
TBN double 3 3 1.00000 0.00000 0.00000 0.00000 1.00000 0.00000 0.00000 0.00000 1.00000

extraDataType char radialDG
extraData Struct {
surfaceMesh double 3 150 0.00000 0.00000 0.00000 0.00000 0.00000 0.00000 0.00000 0.00000 0.00000 0.00000 0.00000 -0.88889 -1.77778 -2.66667 -3.55556 -4.44444 -5.33333 -6.22222 -7.11111 -8.00000 -8.00000 -8.00000 -8.00000 -8.00000 -8.00000 -8.00000 -8.00000 -8.00000 -8.00000 -8.00000 -8.00000 -7.11111 -6.22222 -5.33333 -4.44444 -3.55556 -2.66667 -1.77778 -0.88889 0.00000 0.00000 -0.88889 -1.77778 -2.66667 -3.55556 -4.44444 -5.33333 -6.22222 -7.11111 -8.00000 -8.00000 -8.00000 -8.00000 -8.00000 -8.00000 -8.00000 -8.00000 -8.00000 -8.00000 -8.00000 -8.00000 -7.11111 -6.22222 -5.33333 -4.44444 -3.55556 -2.66667 -1.77778 -0.88889 0.00000 0.00000 0.00000 0.00000 0.00000 0.00000 0.00000 0.00000 0.00000 0.00000 0.00000 0.00000 0.00000 0.00000 0.00000 0.00000 0.00000 0.00000 0.00000 0.00000 0.00000 0.00000 0.88889 1.77778 2.66667 3.55556 4.44444 5.33333 6.22222 7.11111 8.00000 8.00000 8.00000 8.00000 8.00000 8.00000 8.00000 8.00000 8.00000 8.00000 8.00000 8.00000 7.11111 6.22222 5.33333 4.44444 3.55556 2.66667 1.77778 0.88889 0.00000 0.00000 0.88889 1.77778 2.66667 3.55556 4.44444 5.33333 6.22222 7.11111 8.00000 8.00000 8.00000 8.00000 8.00000 8.00000 8.00000 8.00000 8.00000 8.00000 8.00000 8.00000 7.11111 6.22222 5.33333 4.44444 3.55556 2.66667 1.77778 0.88889 0.00000 0.00000 0.88889 1.77778 2.66667 3.55556 4.44444 5.33333 6.22222 7.11111 8.00000 8.00000 8.00000 8.00000 8.00000 8.00000 8.00000 8.00000 8.00000 8.00000 8.00000 8.00000 7.11111 6.22222 5.33333 4.44444 3.55556 2.66667 1.77778 0.88889 0.00000 0.00000 0.00000 0.00000 0.00000 0.00000 0.00000 0.00000 0.00000 0.00000 0.00000 0.00000 0.00000 0.00000 0.00000 0.00000 0.00000 0.00000 0.00000 0.00000 0.00000 0.00000 -0.88889 -1.77778 -2.66667 -3.55556 -4.44444 -5.33333 -6.22222 -7.11111 -8.00000 -8.00000 -8.00000 -8.00000 -8.00000 -8.00000 -8.00000 -8.00000 -8.00000 -8.00000 -8.00000 -8.00000 -7.11111 -6.22222 -5.33333 -4.44444 -3.55556 -2.66667 -1.77778 -0.88889 0.00000 0.00000 -0.88889 -1.77778 -2.66667 -3.55556 -4.44444 -5.33333 -6.22222 -7.11111 -8.00000 -8.00000 -8.00000 -8.00000 -8.00000 -8.00000 -8.00000 -8.00000 -8.00000 -8.00000 -8.00000 -8.00000 -7.11111 -6.22222 -5.33333 -4.44444 -3.55556 -2.66667 -1.77778 -0.88889 0.00000 0.00000 0.00000 0.00000 0.00000 0.00000 0.00000 0.00000 0.00000 0.00000 0.00000 0.00000 0.00000 0.00000 0.00000 0.00000 0.00000 0.00000 0.00000 0.00000 0.00000 0.00000 0.88889 1.77778 2.66667 3.55556 4.44444 5.33333 6.22222 7.11111 8.00000 8.00000 8.00000 8.00000 8.00000 8.00000 8.00000 8.00000 8.00000 8.00000 8.00000 0.00000 0.00000 0.00000 0.00000 0.00000 0.00000 0.00000 0.00000 0.00000 0.00000 0.00000 0.00000 0.00000 0.00000 0.00000 0.00000 0.00000 0.00000 0.00000 0.00000 0.00000 0.00000 0.00000 0.00000 0.00000 0.00000 0.00000 0.00000 0.00000 0.00000 0.00000 0.00000 0.00000 0.00000 0.00000 0.00000 0.00000 0.00000 0.00000 0.00000 0.00000 0.00000 0.00000 0.00000 0.00000 0.00000 0.00000 0.00000 0.00000 0.00000 0.00000 0.00000 0.00000 0.00000 0.00000 0.00000 0.00000 0.00000 0.00000 0.00000 0.00000 0.00000 0.00000 0.00000 0.00000 0.00000 0.00000 0.00000 0.00000 0.00000 0.00000 0.00000 0.00000 0.00000 0.00000 0.00000 0.00000 0.00000 0.00000 0.00000 0.00000 0.00000 0.00000 0.00000 0.00000 0.00000 0.00000 0.00000 0.00000 0.00000 0.00000 0.00000 0.00000 0.00000 0.00000 0.00000 0.00000 0.00000 0.00000 0.00000 0.00000 0.00000 0.00000 0.00000 0.00000 0.00000 0.00000 0.00000 0.00000 0.00000 0.00000 0.00000 0.00000 0.00000 0.00000 0.00000 0.00000 0.00000 0.00000 0.00000 0.00000 0.00000 0.00000 0.00000 0.00000 0.00000 0.00000 0.00000 0.00000 0.00000 0.00000 0.00000 0.00000 0.00000 0.00000 0.00000 0.00000 0.00000 0.00000 0.00000 0.00000 0.00000 0.00000 0.00000 0.00000 0.00000 0.00000 0.00000 0.00000 0.00000
R double 1 1 10000000000.00000
A double 1 1 10000000000.00000
B double 1 1 10000000000.00000
C double 1 1 10000000000.00000
refractionIndex double 1 1 1.00000
surfaceMatrix double 4 4 0.00000 0.00000 0.00000 0.00000 0.00000 0.00000 0.00000 0.00000 0.00000 0.00000 0.00000 0.00000 0.00000 0.00000 0.00000 -1.00000
direction double 3 70 -4.00000 -4.00000 -4.00000 -4.00000 -4.00000 -4.00000 -4.00000 -4.00000 -4.00000 -4.00000 -4.00000 -3.33333 -2.66667 -2.00000 -1.33333 -0.66667 0.00000 0.66667 1.33333 2.00000 2.00000 2.00000 2.00000 2.00000 2.00000 2.00000 2.00000 2.00000 2.00000 2.00000 2.00000 2.22222 2.44444 2.66667 2.88889 3.11111 3.33333 3.55556 3.77778 4.00000 4.00000 3.77778 3.55556 3.33333 3.11111 2.88889 2.66667 2.44444 2.22222 2.00000 2.00000 2.00000 2.00000 2.00000 2.00000 2.00000 2.00000 2.00000 2.00000 2.00000 2.00000 1.33333 0.66667 0.00000 -0.66667 -1.33333 -2.00000 -2.66667 -3.33333 -4.00000 0.80000 0.62222 0.44444 0.26667 0.08889 -0.08889 -0.26667 -0.44444 -0.62222 -0.80000 -0.80000 -0.80000 -0.80000 -0.80000 -0.80000 -0.80000 -0.80000 -0.80000 -0.80000 -0.80000 -0.80000 -0.93333 -1.06667 -1.20000 -1.33333 -1.46667 -1.60000 -1.73333 -1.86667 -2.00000 -2.00000 -1.77778 -1.55556 -1.33333 -1.11111 -0.88889 -0.66667 -0.44444 -0.22222 0.00000 0.00000 0.22222 0.44444 0.66667 0.88889 1.11111 1.33333 1.55556 1.77778 2.00000 2.00000 1.86667 1.73333 1.60000 1.46667 1.33333 1.20000 1.06667 0.93333 0.80000 0.80000 0.80000 0.80000 0.80000 0.80000 0.80000 0.80000 0.80000 0.80000 0.80000 61.11661 61.11661 61.11661 61.11661 61.11661 61.11661 61.11661 61.11661 61.11661 61.11661 61.11661 61.11661 61.11661 61.11661 61.11661 61.11661 61.11661 61.11661 61.11661 61.11661 61.11661 61.11661 61.11661 61.11661 61.11661 61.11661 61.11661 61.11661 61.11661 61.11661 61.11661 61.11661 61.11661 61.11661 61.11661 61.11661 61.11661 61.11661 61.11661 61.11661 61.11661 61.11661 61.11661 61.11661 61.11661 61.11661 61.11661 61.11661 61.11661 61.11661 61.11661 61.11661 61.11661 61.11661 61.11661 61.11661 61.11661 61.11661 61.11661 61.11661 61.11661 61.11661 61.11661 61.11661 61.11661 61.11661 61.11661 61.11661 61.11661 61.11661
density double 1 1 0.03200
orders double 1 1 -1.00000
transOrReflect double 1 1 0.00000
}
rotationMatrix double 4 4 1.00000 0.00000 0.00000 0.00000 0.00000 1.00000 0.00000 0.00000 0.00000 0.00000 1.00000 0.00000 0.00000 0.00000 0.00000 1.00000
type char surface
}
